frames,r11,r21,r31,r12,r22,r32,r13,r23,r33,roll,pitch,yaw,q1,q2,q3,q4,u1,u2,u3,angle,Sx,Sy,Sz,M1x,M1y,M1z,M2x,M2y,M2z,M3x,M3y,M3z,M4x,M4y,M4z
4302,1.0,0.00035646,-0.0028422,-0.00029165,0.99974,0.022771,0.0028496,-0.02277,0.99974,-1.3048,-0.16285,-0.020424,-0.011386,-0.001423,-0.00016204,0.99993,-0.99218,-0.124,-0.01412,1.3151,-5.4796,101.47,-646.07,-0.0054692,0.13735,-0.64059,-0.058584,0.16289,-0.69869,0.011407,0.15378,-0.69496,0.056405,0.14176,-0.67815
4333,0.99998,0.0057028,-0.0023729,-0.0056045,0.9992,0.039563,0.0025966,-0.039549,0.99921,-2.2674,-0.13595,-0.32675,-0.019782,-0.0012426,-0.0028274,0.9998,-0.98803,-0.062063,-0.14122,2.2945,-6.23,100.37,-644.73,-0.0064242,0.13616,-0.63864,-0.059673,0.1624,-0.6964,0.010343,0.15361,-0.69272,0.055388,0.14153,-0.67612
4565,0.99974,0.011941,-0.019658,-0.011195,0.99923,0.037628,0.020093,-0.037398,0.9991,-2.1568,-1.1264,-0.68429,-0.018761,-0.0099402,-0.0057852,0.99976,-0.85255,-0.45171,-0.2629,2.5219,-7.6974,100.61,-644.79,-0.0080867,0.1364,-0.63876,-0.062499,0.1621,-0.69568,0.0076378,0.15389,-0.69315,0.053056,0.14201,-0.67735
4571,0.99921,0.014824,-0.03685,-0.013506,0.99927,0.035748,0.037353,-0.035223,0.99868,-2.0501,-2.1118,-0.84995,-0.017749,-0.018557,-0.0070851,0.99965,-0.6663,-0.69664,-0.26597,3.0529,-6.9334,100.74,-644.93,-0.0073441,0.13655,-0.63897,-0.062778,0.16192,-0.69498,0.0074116,0.15398,-0.69367,0.053131,0.14224,-0.67864
4578,0.99835,0.015487,-0.055323,-0.013534,0.99928,0.0355,0.055833,-0.034693,0.99784,-2.0376,-3.1714,-0.88873,-0.017558,-0.027805,-0.0072593,0.99943,-0.52138,-0.82565,-0.21556,3.8598,-5.4974,100.72,-645.09,-0.0057593,0.13653,-0.63915,-0.062256,0.16193,-0.69414,0.0079586,0.15391,-0.69414,0.053936,0.1423,-0.67989
4589,0.99728,0.016088,-0.071862,-0.014068,0.99949,0.028521,0.072285,-0.027433,0.99701,-1.6386,-4.121,-0.9242,-0.014,-0.036065,-0.0075449,0.99922,-0.35518,-0.91499,-0.19142,4.5178,-4.4432,101.08,-645.63,-0.0045879,0.13694,-0.63995,-0.061958,0.16193,-0.69409,0.0082288,0.15388,-0.69527,0.054442,0.14254,-0.68175
4597,0.99586,0.021307,-0.088356,-0.018211,0.9992,0.035695,0.089046,-0.033938,0.99545,-2.0537,-5.069,-1.2257,-0.017429,-0.044403,-0.0098911,0.99881,-0.35777,-0.91147,-0.20304,5.5847,-3.9252,101.01,-646.47,-0.0041615,0.13682,-0.64054,-0.062569,0.1619,-0.6936,0.0076133,0.15422,-0.69594,0.054114,0.14293,-0.68316
4602,0.99405,0.021875,-0.10668,-0.018488,0.9993,0.032631,0.10732,-0.030464,0.99376,-1.8807,-6.1238,-1.2606,-0.015799,-0.053584,-0.010107,0.99839,-0.27829,-0.94385,-0.17803,6.5091,-3.0264,101.14,-646.63,-0.0032256,0.13697,-0.64081,-0.062648,0.16179,-0.69291,0.007529,0.15422,-0.69649,0.054227,0.14297,-0.68456
4607,0.99163,0.025393,-0.12661,-0.021543,0.99927,0.031681,0.12732,-0.028689,0.99145,-1.8302,-7.2735,-1.4669,-0.015126,-0.063621,-0.01176,0.99779,-0.22765,-0.95752,-0.17699,7.6195,-1.9041,101.29,-647.1,-0.0020805,0.13713,-0.64133,-0.062589,0.16168,-0.6922,0.00751,0.15432,-0.69725,0.054464,0.14334,-0.68629
4611,0.98861,0.02924,-0.14762,-0.024662,0.99916,0.032752,0.14845,-0.028738,0.9885,-1.8977,-8.4889,-1.6941,-0.015418,-0.074238,-0.013516,0.99703,-0.20019,-0.96391,-0.17549,8.8343,-0.83655,101.34,-647.75,-0.0010183,0.13717,-0.64196,-0.062693,0.16155,-0.69157,0.0072651,0.15442,-0.69804,0.054497,0.1436,-0.68801
4614,0.9851,0.030376,-0.1693,-0.026313,0.99931,0.026192,0.16998,-0.021347,0.98522,-1.5228,-9.7473,-1.7662,-0.01193,-0.085145,-0.014226,0.9962,-0.1369,-0.97704,-0.16325,9.9988,0.072859,101.76,-648.06,-2.0749e-05,0.13764,-0.64253,-0.062797,0.16157,-0.69089,0.0070364,0.15447,-0.69891,0.054498,0.14392,-0.68985
4618,0.98186,0.037954,-0.18579,-0.03263,0.99897,0.031631,0.1868,-0.024995,0.98208,-1.8448,-10.707,-2.2137,-0.014223,-0.093581,-0.017728,0.99535,-0.14769,-0.97175,-0.18409,11.052,1.2585,101.59,-648.49,0.0011149,0.13745,-0.64282,-0.062613,0.16131,-0.68995,0.0070831,0.15453,-0.69921,0.054718,0.14441,-0.69093
4624,0.97779,0.038965,-0.20593,-0.033013,0.99893,0.032263,0.20697,-0.024748,0.97803,-1.8894,-11.884,-2.282,-0.014334,-0.10382,-0.018097,0.99433,-0.13478,-0.97615,-0.17016,12.21,2.8552,101.54,-648.02,0.0027403,0.13739,-0.64233,-0.061935,0.16111,-0.68814,0.0075346,0.15453,-0.6989,0.055338,0.1444,-0.69166
4627,0.97444,0.041492,-0.2208,-0.033225,0.99861,0.041029,0.22219,-0.032645,0.97446,-2.411,-12.756,-2.4382,-0.018541,-0.11148,-0.018803,0.99342,-0.16183,-0.97307,-0.16413,13.157,3.8847,101.05,-648.4,0.004025,0.13687,-0.64248,-0.061412,0.16119,-0.68707,0.0078844,0.15435,-0.69899,0.055799,0.14447,-0.69238
4629,0.97078,0.038121,-0.23693,-0.030473,0.99889,0.035859,0.23804,-0.027591,0.97086,-2.1153,-13.706,-2.2488,-0.015982,-0.11963,-0.017278,0.99254,-0.13108,-0.98119,-0.1417,14.007,4.7624,101.32,-648.27,0.0050515,0.13717,-0.64255,-0.061016,0.16133,-0.68615,0.0080604,0.15434,-0.69922,0.056067,0.14439,-0.69347
4632,0.96497,0.044451,-0.25856,-0.035047,0.99855,0.040869,0.26,-0.030376,0.96513,-2.4248,-14.984,-2.6374,-0.017972,-0.13081,-0.020054,0.99104,-0.13457,-0.97946,-0.15016,15.35,6.0906,101.2,-649.27,0.0063792,0.13702,-0.64343,-0.060785,0.16109,-0.68543,0.0079847,0.15441,-0.70007,0.056124,0.14478,-0.69534
4634,0.96048,0.044245,-0.2748,-0.036282,0.99876,0.033997,0.27596,-0.022684,0.9609,-2.0263,-15.95,-2.6375,-0.014314,-0.13908,-0.020336,0.98997,-0.10131,-0.98439,-0.14393,16.245,6.8887,101.65,-649.68,0.0071212,0.13752,-0.64407,-0.060771,0.16104,-0.68516,0.007767,0.15454,-0.70086,0.056002,0.14489,-0.69687
4638,0.95457,0.047001,-0.29426,-0.039335,0.99872,0.031921,0.29538,-0.018896,0.95519,-1.914,-17.113,-2.8189,-0.012852,-0.14913,-0.021835,0.98849,-0.084964,-0.98587,-0.14435,17.4,7.7473,101.99,-650.69,0.0079529,0.13787,-0.64519,-0.060797,0.16098,-0.6849,0.0074381,0.15471,-0.70201,0.055739,0.14527,-0.69901
4643,0.94795,0.052085,-0.31412,-0.043962,0.99849,0.032894,0.31536,-0.017373,0.94881,-1.9856,-18.308,-3.1449,-0.012735,-0.15947,-0.024332,0.98682,-0.078696,-0.98549,-0.15037,18.625,8.618,102.07,-651.99,0.0088467,0.13796,-0.64654,-0.060866,0.16087,-0.68482,0.0070038,0.15475,-0.70337,0.055422,0.14571,-0.70129
4647,0.94215,0.052239,-0.3311,-0.046224,0.99859,0.026021,0.33199,-0.0092112,0.94324,-1.5802,-19.335,-3.1736,-0.0089387,-0.16823,-0.024981,0.98539,-0.052485,-0.98779,-0.14668,19.612,9.7327,102.62,-652.95,0.0098557,0.13855,-0.64773,-0.060562,0.16082,-0.68495,0.0070085,0.15495,-0.70461,0.055439,0.14591,-0.70338
4651,0.93408,0.055865,-0.35268,-0.052635,0.99844,0.01875,0.35317,0.001049,0.93556,-1.1481,-20.651,-3.4226,-0.0045001,-0.17945,-0.027584,0.98337,-0.024779,-0.98809,-0.15188,20.927,10.624,103.07,-653.97,0.01077,0.13905,-0.64913,-0.060555,0.16073,-0.68483,0.0065431,0.15484,-0.70611,0.055011,0.14643,-0.70585
4654,0.92656,0.053809,-0.37229,-0.049607,0.99855,0.020864,0.37287,-0.00086333,0.92788,-1.2881,-21.857,-3.3237,-0.0055344,-0.18981,-0.026343,0.98145,-0.028869,-0.99009,-0.13741,22.105,11.174,103.03,-654.86,0.011345,0.13899,-0.6499,-0.060757,0.16068,-0.68421,0.0059125,0.15498,-0.7067,0.054447,0.1461,-0.70748
4657,0.91796,0.055321,-0.39279,-0.054152,0.99843,0.014065,0.39295,0.0083598,0.91952,-0.8763,-23.128,-3.4488,-0.0014564,-0.20059,-0.027948,0.97927,-0.0071908,-0.99041,-0.13799,23.371,11.834,103.56,-655.12,0.011893,0.13955,-0.65042,-0.061015,0.16054,-0.68329,0.0051953,0.15508,-0.70721,0.053708,0.14638,-0.70905
4660,0.90867,0.062214,-0.41284,-0.061815,0.99798,0.014337,0.4129,0.012492,0.91069,-0.90194,-24.384,-3.9168,-0.00047209,-0.21132,-0.031741,0.9769,-0.0022093,-0.9889,-0.14854,24.677,12.596,103.73,-655.63,0.012506,0.13973,-0.65099,-0.061237,0.16014,-0.68223,0.0044535,0.15512,-0.70765,0.052919,0.14688,-0.71054
4663,0.89882,0.065034,-0.43347,-0.06526,0.99776,0.014378,0.43344,0.015365,0.90105,-0.91417,-25.688,-4.1384,0.00025333,-0.22243,-0.03343,0.97438,0.0011263,-0.98889,-0.14863,25.997,13.24,103.79,-656.03,0.013128,0.1398,-0.65144,-0.061352,0.1599,-0.68101,0.0037357,0.15507,-0.70795,0.052163,0.14703,-0.71192
4666,0.88938,0.06785,-0.4521,-0.066013,0.99762,0.019859,0.45237,0.012182,0.89175,-1.2758,-26.879,-4.3626,-0.0019746,-0.23264,-0.034432,0.97195,-0.0083959,-0.98919,-0.1464,27.205,13.976,103.58,-656.7,0.0139,0.13957,-0.65195,-0.061302,0.15969,-0.67992,0.0032598,0.15509,-0.70817,0.051623,0.14706,-0.71318
4668,0.88092,0.068816,-0.46823,-0.067477,0.99753,0.019658,0.46842,0.014277,0.88339,-1.2748,-27.919,-4.4668,-0.0013873,-0.24146,-0.035135,0.96977,-0.0056854,-0.98956,-0.14399,28.246,14.688,103.73,-657.02,0.014623,0.13972,-0.65231,-0.061085,0.15965,-0.67895,0.002924,0.15515,-0.70837,0.051228,0.14718,-0.71422
4670,0.871,0.071483,-0.48605,-0.070057,0.99732,0.021133,0.48626,0.015644,0.87368,-1.3857,-29.081,-4.6917,-0.0014189,-0.25132,-0.036584,0.96721,-0.0055867,-0.98955,-0.14405,29.425,15.617,103.85,-657.68,0.015474,0.13983,-0.65292,-0.060773,0.15941,-0.678,0.0026339,0.15526,-0.70867,0.050807,0.14733,-0.71558
4674,0.8608,0.075738,-0.50327,-0.074204,0.99698,0.023116,0.5035,0.017447,0.86382,-1.5329,-30.217,-5.0282,-0.0014692,-0.26094,-0.038862,0.96457,-0.0055688,-0.98908,-0.14731,30.594,16.623,103.8,-658.74,0.016431,0.13979,-0.65398,-0.060416,0.15908,-0.67755,0.0023691,0.15517,-0.70943,0.050374,0.14751,-0.71727
4678,0.85171,0.075635,-0.51852,-0.079537,0.99672,0.014743,0.51793,0.028684,0.85494,-0.98796,-31.233,-5.0747,0.0036221,-0.26929,-0.040317,0.96221,0.013301,-0.98889,-0.14805,31.604,17.316,104.33,-659.52,0.017058,0.14036,-0.65514,-0.060232,0.15907,-0.67753,0.0019891,0.15508,-0.71055,0.049876,0.14773,-0.71906
4682,0.83717,0.072323,-0.54214,-0.080775,0.9967,0.0082296,0.54095,0.036902,0.84025,-0.56115,-32.83,-4.9375,0.0074793,-0.28253,-0.039936,0.9584,0.026203,-0.98982,-0.13991,33.169,18.354,104.62,-660.94,0.018132,0.14069,-0.65686,-0.059788,0.15906,-0.6773,0.0015552,0.15492,-0.71196,0.049225,0.14752,-0.72177
4685,0.82752,0.073519,-0.5566,-0.081002,0.99665,0.011214,0.55556,0.035806,0.8307,-0.77344,-33.821,-5.077,0.0064316,-0.29087,-0.040413,0.95589,0.021896,-0.99025,-0.13758,34.164,19.164,104.54,-661.86,0.01895,0.1406,-0.65768,-0.059419,0.15891,-0.67679,0.0013655,0.15495,-0.71244,0.048856,0.14749,-0.72309
4688,0.816,0.074939,-0.57318,-0.08443,0.99638,0.010072,0.57185,0.040174,0.81937,-0.70428,-34.972,-5.2472,0.0078978,-0.30042,-0.041813,0.95286,0.026029,-0.99012,-0.13781,35.326,20.107,104.77,-662.42,0.019851,0.14084,-0.65834,-0.058902,0.15882,-0.67592,0.0011402,0.15497,-0.71278,0.04845,0.14765,-0.72431
4691,0.80508,0.077418,-0.58809,-0.086725,0.99615,0.012413,0.58679,0.041009,0.8087,-0.87939,-36.022,-5.4928,0.0075253,-0.30918,-0.043196,0.94999,0.024098,-0.99009,-0.13833,36.393,21.052,104.73,-663.0,0.02083,0.1408,-0.65892,-0.058231,0.15866,-0.67501,0.0010641,0.15489,-0.71304,0.048141,0.14781,-0.72544
4694,0.79254,0.078601,-0.60473,-0.090762,0.99582,0.010483,0.60303,0.046578,0.79636,-0.75421,-37.21,-5.6638,0.0095321,-0.31895,-0.044726,0.94667,0.029583,-0.98988,-0.13881,37.594,22.188,104.93,-663.54,0.021911,0.14102,-0.65962,-0.057549,0.15852,-0.67414,0.00098144,0.1548,-0.71339,0.047792,0.1479,-0.72665
4697,0.77688,0.082002,-0.62428,-0.093757,0.9955,0.014088,0.62262,0.047586,0.78107,-1.0333,-38.629,-6.0254,0.008885,-0.33073,-0.046619,0.94253,0.026592,-0.98986,-0.13953,39.038,23.291,105.0,-664.77,0.022937,0.14108,-0.66074,-0.05692,0.15823,-0.67326,0.00064514,0.1549,-0.71388,0.0472,0.14804,-0.72838
4699,0.76321,0.079134,-0.64129,-0.094089,0.9955,0.010866,0.63926,0.052045,0.76722,-0.81139,-39.888,-5.9196,0.010965,-0.34098,-0.046125,0.93887,0.031851,-0.99047,-0.13398,40.273,24.168,105.24,-665.77,0.023789,0.14132,-0.66182,-0.056421,0.15822,-0.67277,0.00033335,0.15494,-0.71452,0.046574,0.14784,-0.73008
4702,0.74852,0.078589,-0.65844,-0.099232,0.99505,0.0059573,0.65565,0.060879,0.75261,-0.45352,-41.181,-5.9937,0.014687,-0.3514,-0.047551,0.9349,0.041382,-0.99012,-0.13398,41.575,25.275,105.7,-667.05,0.024795,0.14181,-0.66336,-0.055664,0.1582,-0.67264,0.00012263,0.15491,-0.71565,0.045999,0.14797,-0.73212
4707,0.73315,0.076733,-0.67572,-0.10074,0.99491,0.0036761,0.67256,0.065377,0.73715,-0.28573,-42.51,-5.9749,0.016573,-0.36215,-0.047669,0.93075,0.045325,-0.99043,-0.13037,42.895,26.264,106.03,-668.79,0.025807,0.14215,-0.66525,-0.054886,0.15838,-0.67276,-3.5932e-05,0.15496,-0.71696,0.045468,0.14801,-0.73442
4711,0.72136,0.075398,-0.68845,-0.10546,0.99442,-0.0015965,0.68449,0.073758,0.72528,0.12612,-43.507,-5.9671,0.020311,-0.37006,-0.04875,0.9275,0.054335,-0.98997,-0.13041,43.902,27.246,106.34,-669.65,0.026702,0.14249,-0.66639,-0.054197,0.15834,-0.67265,-9.3505e-05,0.1548,-0.71782,0.045114,0.14801,-0.73601
4713,0.70781,0.073902,-0.70253,-0.10579,0.99439,-0.0019794,0.69844,0.075721,0.71165,0.15936,-44.63,-5.9607,0.021027,-0.37912,-0.048627,0.92383,0.054928,-0.99038,-0.12703,45.015,28.176,106.33,-670.88,0.027653,0.14248,-0.66767,-0.053301,0.15822,-0.67239,-0.00012434,0.15468,-0.71858,0.044759,0.14778,-0.73755
4715,0.69251,0.069346,-0.71807,-0.10729,0.9942,-0.0074586,0.71339,0.082207,0.69593,0.61404,-45.896,-5.7184,0.024376,-0.38915,-0.04802,0.9196,0.062048,-0.99056,-0.12223,46.266,29.343,106.56,-671.87,0.028752,0.14273,-0.66882,-0.052376,0.15816,-0.67198,-0.00014774,0.15459,-0.71921,0.044327,0.14739,-0.73929
4718,0.67843,0.067265,-0.73158,-0.1077,0.99415,-0.0084656,0.72673,0.084532,0.6817,0.71148,-47.019,-5.6623,0.025389,-0.39813,-0.047765,0.91573,0.06319,-0.9909,-0.11888,47.379,30.291,106.6,-672.7,0.029752,0.14277,-0.66975,-0.051387,0.15817,-0.67135,-6.0507e-05,0.15445,-0.71958,0.044027,0.14721,-0.74049
4723,0.66344,0.065385,-0.74537,-0.10534,0.99442,-0.0065283,0.74078,0.082847,0.66662,0.56109,-48.191,-5.6286,0.024509,-0.40754,-0.046817,0.91166,0.05964,-0.9917,-0.11392,48.529,31.881,106.42,-673.47,0.031463,0.1426,-0.67048,-0.04973,0.15815,-0.67045,0.00062086,0.15438,-0.71971,0.044297,0.14694,-0.74157
4729,0.65026,0.067041,-0.75675,-0.10739,0.99421,-0.0042029,0.75208,0.084003,0.65369,0.36838,-49.178,-5.8864,0.024285,-0.41541,-0.048025,0.90804,0.057975,-0.99171,-0.11465,49.528,33.178,106.2,-673.87,0.032857,0.14239,-0.67102,-0.048263,0.15803,-0.6695,0.0011586,0.154,-0.71977,0.044409,0.14698,-0.74226
4733,0.63376,0.066797,-0.77064,-0.11035,0.99388,-0.0046014,0.76562,0.087955,0.63725,0.41371,-50.412,-6.0166,0.025612,-0.42511,-0.049019,0.90345,0.059744,-0.99164,-0.11435,50.769,34.588,106.13,-674.33,0.034219,0.14233,-0.67157,-0.046938,0.15774,-0.66835,0.0014551,0.15373,-0.71967,0.044211,0.14676,-0.74305
4736,0.61311,0.066473,-0.78719,-0.10839,0.99411,-0.00047349,0.78252,0.085612,0.61671,0.04399,-51.924,-6.1878,0.023972,-0.43712,-0.048693,0.89777,0.054424,-0.99238,-0.11055,52.268,36.103,105.8,-675.05,0.035836,0.14199,-0.67217,-0.045208,0.15745,-0.66681,0.0017929,0.15357,-0.71934,0.04392,0.14641,-0.74393
4740,0.59773,0.065289,-0.79903,-0.1068,0.99428,0.0013485,0.79455,0.084531,0.60129,-0.12849,-53.038,-6.2336,0.023275,-0.44589,-0.048151,0.89349,0.051827,-0.99288,-0.10722,53.37,37.502,105.79,-674.95,0.037312,0.14197,-0.672,-0.04358,0.15746,-0.66505,0.0024183,0.15364,-0.71852,0.044079,0.14628,-0.74405
4743,0.59077,0.073215,-0.80351,-0.10781,0.99411,0.011318,0.7996,0.079938,0.59518,-1.0894,-53.467,-7.0647,0.01924,-0.44949,-0.050756,0.89164,0.042496,-0.99279,-0.11211,53.841,38.465,105.46,-674.87,0.038249,0.14161,-0.67157,-0.042618,0.15692,-0.66384,0.0029002,0.15368,-0.71761,0.044334,0.14656,-0.74353
4744,0.58143,0.079984,-0.80966,-0.11186,0.99356,0.017826,0.80587,0.080201,0.58664,-1.7405,-54.062,-7.8327,0.01754,-0.45428,-0.053945,0.88905,0.038312,-0.99229,-0.11783,54.492,39.342,105.21,-674.49,0.039024,0.14134,-0.67102,-0.041839,0.15631,-0.6623,0.0031037,0.15349,-0.71663,0.044257,0.14673,-0.74297
4749,0.5651,0.07987,-0.82114,-0.11849,0.99284,0.015029,0.81647,0.088801,0.57052,-1.509,-55.2,-8.0447,0.020854,-0.46293,-0.056073,0.88437,0.044677,-0.99175,-0.12013,55.651,40.255,105.47,-674.34,0.039779,0.14163,-0.6711,-0.040924,0.15614,-0.66084,0.0029474,0.15325,-0.71612,0.043614,0.14675,-0.74327
4754,0.54141,0.078144,-0.83712,-0.12312,0.99231,0.013,0.83169,0.096031,0.54687,-1.3617,-56.837,-8.213,0.023654,-0.4754,-0.057336,0.87758,0.049337,-0.9916,-0.11959,57.297,41.007,105.64,-676.29,0.040412,0.14181,-0.67319,-0.040079,0.15591,-0.66076,0.0022695,0.15303,-0.71717,0.042217,0.14648,-0.74538
4757,0.52771,0.075989,-0.84602,-0.12764,0.99178,0.0094662,0.83978,0.10299,0.53307,-1.0174,-57.782,-8.1942,0.026765,-0.48244,-0.058274,0.87358,0.054993,-0.99128,-0.11974,58.246,41.436,105.79,-677.42,0.040728,0.14197,-0.67453,-0.039639,0.1558,-0.6609,0.0018272,0.15275,-0.71798,0.041342,0.14628,-0.74683
4760,0.51099,0.074262,-0.85637,-0.1303,0.99144,0.0082239,0.84965,0.10738,0.5163,-0.91256,-58.912,-8.2688,0.028536,-0.49096,-0.058869,0.86872,0.057614,-0.99124,-0.11886,59.378,41.852,105.88,-678.83,0.041105,0.14207,-0.67608,-0.039025,0.15576,-0.66093,0.0013603,0.15256,-0.71879,0.040298,0.14612,-0.74831
4764,0.4948,0.069503,-0.86622,-0.13182,0.99126,0.004239,0.85895,0.11209,0.49964,-0.48609,-60.023,-7.9958,0.031208,-0.49921,-0.058256,0.86396,0.061974,-0.99135,-0.11569,60.472,42.402,105.98,-679.92,0.041621,0.14218,-0.67734,-0.038215,0.15575,-0.66078,0.0010605,0.15237,-0.71941,0.039469,0.14571,-0.74968
4769,0.4788,0.065422,-0.87549,-0.13208,0.99124,0.00184,0.86793,0.11475,0.48324,-0.21817,-61.103,-7.7807,0.032851,-0.50725,-0.057462,0.85925,0.064219,-0.99159,-0.11233,61.534,42.71,105.96,-681.49,0.041921,0.14216,-0.67897,-0.03766,0.15567,-0.66105,0.0006049,0.1522,-0.72026,0.038514,0.14523,-0.75129
4775,0.46839,0.061802,-0.88136,-0.14034,0.99009,-0.0051542,0.8723,0.1261,0.47242,0.62507,-61.806,-7.5165,0.038334,-0.51217,-0.059036,0.85599,0.074149,-0.99069,-0.11419,62.26,42.414,106.14,-682.49,0.041405,0.14237,-0.6804,-0.038014,0.15554,-0.66167,-0.00045706,0.15161,-0.72139,0.037095,0.14492,-0.75271
4781,0.45281,0.063735,-0.88932,-0.14601,0.98928,-0.0034471,0.87957,0.13141,0.45726,0.43192,-62.788,-8.0119,0.039601,-0.51942,-0.061591,0.85137,0.075494,-0.99021,-0.11742,63.277,41.783,106.21,-683.11,0.040564,0.14243,-0.68093,-0.038616,0.15503,-0.66088,-0.0020339,0.15147,-0.72113,0.035038,0.14479,-0.75313
4785,0.43691,0.064989,-0.89716,-0.15407,0.98805,-0.0034563,0.88621,0.13973,0.4417,0.44833,-63.787,-8.4605,0.042286,-0.52665,-0.06469,0.84656,0.07944,-0.9894,-0.12153,64.321,41.904,106.14,-683.23,0.040487,0.14236,-0.68128,-0.038403,0.15459,-0.65985,-0.0028708,0.15085,-0.72083,0.033711,0.14464,-0.75334
4791,0.42076,0.065295,-0.90482,-0.15828,0.98739,-0.002352,0.89326,0.14421,0.42579,0.31649,-64.799,-8.821,0.04353,-0.53405,-0.066406,0.84171,0.080623,-0.98913,-0.12299,65.357,42.269,106.1,-683.33,0.040686,0.14231,-0.68127,-0.037881,0.15405,-0.65848,-0.0033812,0.15064,-0.72007,0.032655,0.1443,-0.7533
4795,0.40682,0.067185,-0.91104,-0.15872,0.98732,0.0019359,0.89962,0.14381,0.41232,-0.26901,-65.649,-9.3776,0.042344,-0.54041,-0.067424,0.83762,0.077519,-0.98932,-0.12343,66.22,43.167,105.46,-683.71,0.041607,0.14167,-0.68158,-0.036649,0.15337,-0.6576,-0.0030817,0.15004,-0.71962,0.032403,0.14382,-0.7534
4797,0.39529,0.059456,-0.91663,-0.15883,0.9873,-0.0044568,0.90472,0.14735,0.39972,0.63882,-66.438,-8.5537,0.045506,-0.54596,-0.065434,0.83401,0.082476,-0.98951,-0.11859,66.974,43.995,105.43,-683.82,0.042483,0.14166,-0.68205,-0.035392,0.15366,-0.65713,-0.0026508,0.14965,-0.7197,0.032407,0.14327,-0.75385
4801,0.38142,0.054567,-0.92279,-0.15506,0.98789,-0.0056767,0.9113,0.14525,0.38526,0.84416,-67.337,-8.1415,0.04547,-0.55254,-0.063153,0.82985,0.081488,-0.99023,-0.11318,67.834,44.898,105.03,-684.98,0.043536,0.14127,-0.68327,-0.033929,0.15359,-0.65721,-0.0021525,0.14934,-0.72023,0.032351,0.14261,-0.75486
4808,0.36724,0.049408,-0.92881,-0.15247,0.98828,-0.0077112,0.91755,0.14445,0.37047,1.1924,-68.251,-7.6626,0.046079,-0.55915,-0.061135,0.82553,0.081647,-0.99076,-0.10833,68.716,45.262,104.81,-686.21,0.044056,0.14106,-0.68476,-0.032994,0.15387,-0.65754,-0.0021749,0.14901,-0.72105,0.031799,0.14222,-0.75616
4814,0.35015,0.048095,-0.93546,-0.15607,0.98772,-0.0076372,0.9236,0.14867,0.35335,1.2382,-69.302,-7.821,0.047642,-0.56662,-0.062228,0.82025,0.083288,-0.99057,-0.10879,69.781,44.52,104.84,-687.58,0.043151,0.14108,-0.68598,-0.033454,0.15339,-0.65745,-0.0037289,0.14892,-0.72135,0.029633,0.14176,-0.75719
4820,0.33103,0.052828,-0.94214,-0.16163,0.98685,-0.0014569,0.92967,0.15276,0.33522,0.24902,-70.414,-9.067,0.04734,-0.57459,-0.065832,0.81442,0.081582,-0.99019,-0.11345,70.94,43.804,104.2,-687.17,0.042274,0.14043,-0.68545,-0.033773,0.15225,-0.65536,-0.0053481,0.1481,-0.71987,0.027322,0.14127,-0.75645
4823,0.32039,0.054281,-0.94573,-0.16064,0.98701,0.0022286,0.93357,0.15121,0.32494,-0.39296,-71.037,-9.6159,0.045913,-0.57915,-0.066235,0.81122,0.078519,-0.99046,-0.11327,71.569,43.646,103.92,-687.52,0.042193,0.14015,-0.6858,-0.033499,0.15212,-0.65483,-0.0058171,0.14788,-0.71966,0.026391,0.14124,-0.75651
4824,0.30987,0.047929,-0.94957,-0.15985,0.98714,-0.0023373,0.93724,0.15251,0.31355,0.4271,-71.726,-8.7924,0.047919,-0.58389,-0.064298,0.80786,0.081305,-0.9907,-0.1091,72.225,43.524,103.76,-687.87,0.04207,0.13999,-0.68616,-0.03331,0.15193,-0.65442,-0.0063025,0.14768,-0.71952,0.02555,0.1404,-0.75695
4827,0.29262,0.051035,-0.95486,-0.1624,0.98672,0.0029683,0.94234,0.1542,0.29703,-0.57256,-72.72,-9.8932,0.047111,-0.59099,-0.066487,0.80255,0.078969,-0.99063,-0.11145,73.251,43.665,103.25,-687.99,0.042214,0.13949,-0.68649,-0.032593,0.1516,-0.65332,-0.0068337,0.14693,-0.71905,0.024363,0.14037,-0.75673
4829,0.27949,0.056989,-0.95846,-0.16632,0.98602,0.010127,0.94563,0.15658,0.28506,-2.0347,-73.427,-11.525,0.045852,-0.59613,-0.069914,0.79852,0.076171,-0.99031,-0.11614,74.021,44.049,102.86,-687.15,0.042457,0.13908,-0.68535,-0.031922,0.15059,-0.65113,-0.0070211,0.14653,-0.71719,0.023695,0.14014,-0.75545
4831,0.27483,0.061939,-0.9595,-0.16846,0.98559,0.015369,0.94662,0.15742,0.28131,-3.1272,-73.637,-12.701,0.044549,-0.5978,-0.07226,0.79714,0.073782,-0.99007,-0.11968,74.284,44.304,102.62,-686.56,0.042619,0.13882,-0.68448,-0.031595,0.14985,-0.64988,-0.00704,0.14638,-0.71606,0.023441,0.14006,-0.75453
4833,0.27063,0.064341,-0.96053,-0.16794,0.98562,0.018704,0.94792,0.15625,0.27754,-3.8553,-73.849,-13.373,0.043205,-0.59947,-0.072963,0.79589,0.071363,-0.99014,-0.12051,74.52,44.546,102.38,-686.33,0.042888,0.13857,-0.68415,-0.031184,0.14955,-0.64923,-0.0068866,0.14623,-0.71542,0.02345,0.14,-0.75407
4835,0.2675,0.068596,-0.96111,-0.16854,0.98542,0.023421,0.9487,0.15572,0.27516,-4.8651,-73.969,-14.382,0.041604,-0.60057,-0.074571,0.795,0.068584,-0.99004,-0.12293,74.69,44.911,102.33,-685.55,0.04324,0.13852,-0.68324,-0.030766,0.14934,-0.648,-0.0066955,0.14627,-0.71438,0.023561,0.14025,-0.7531
4853,0.27212,0.050443,-0.96094,-0.16207,0.98676,0.0059028,0.94852,0.15413,0.2767,-1.2221,-73.933,-10.502,0.046545,-0.59957,-0.06673,0.79618,0.076925,-0.99092,-0.11028,74.467,46.772,102.56,-687.07,0.045332,0.1388,-0.68538,-0.028741,0.1507,-0.65064,-0.0043922,0.14634,-0.71689,0.02598,0.13947,-0.75542
4866,0.38646,0.045542,-0.92118,-0.15462,0.98784,-0.016032,0.90925,0.14863,0.3888,2.3611,-67.099,-6.7209,0.04953,-0.55059,-0.060209,0.83113,0.089071,-0.99012,-0.10827,67.57,42.481,104.14,-682.73,0.041101,0.14038,-0.6813,-0.036518,0.15289,-0.65581,-0.0043852,0.14817,-0.71855,0.030347,0.14096,-0.75299
4868,0.40508,0.045644,-0.91314,-0.15557,0.98763,-0.019644,0.90095,0.15001,0.40717,2.7621,-65.943,-6.4289,0.050695,-0.54208,-0.060124,0.83664,0.092552,-0.98964,-0.10977,66.426,41.404,104.61,-681.49,0.04001,0.14087,-0.68029,-0.038084,0.15353,-0.65633,-0.0046892,0.14844,-0.71854,0.030746,0.14158,-0.75215
4869,0.42688,0.052236,-0.9028,-0.1566,0.98752,-0.016908,0.89065,0.14859,0.42973,2.2531,-64.528,-6.9764,0.049068,-0.53172,-0.061915,0.84323,0.091279,-0.98914,-0.11518,65.035,40.321,104.87,-680.69,0.038867,0.14112,-0.67936,-0.039844,0.15363,-0.65724,-0.0049575,0.14884,-0.71856,0.031292,0.14237,-0.75122
4870,0.44197,0.051342,-0.89556,-0.16039,0.9868,-0.022583,0.88257,0.15362,0.44437,2.9093,-63.58,-6.6261,0.051976,-0.52451,-0.062457,0.84752,0.097927,-0.98821,-0.11767,64.115,39.725,105.38,-679.86,0.038092,0.14163,-0.67865,-0.040938,0.15383,-0.65792,-0.0050683,0.14905,-0.71863,0.031698,0.14262,-0.75071
4872,0.4727,0.050775,-0.87976,-0.15739,0.98715,-0.027592,0.86706,0.15151,0.47461,3.3272,-61.614,-6.131,0.052276,-0.50986,-0.060759,0.85651,0.10129,-0.98787,-0.11772,62.145,38.14,105.75,-678.37,0.036511,0.14199,-0.67713,-0.043232,0.15426,-0.65914,-0.0052417,0.14959,-0.71854,0.03269,0.14294,-0.74936
4873,0.51217,0.055052,-0.85712,-0.1575,0.98704,-0.030715,0.84432,0.15073,0.5142,3.4185,-58.995,-6.1351,0.052261,-0.49007,-0.061222,0.86796,0.10523,-0.98678,-0.12327,59.556,36.243,106.14,-676.27,0.03452,0.14237,-0.67499,-0.045931,0.15449,-0.6606,-0.0053103,0.15005,-0.71822,0.033954,0.14365,-0.74728
4874,0.54663,0.059585,-0.83525,-0.15322,0.98774,-0.029813,0.82324,0.14428,0.54906,3.1081,-56.642,-6.2209,0.049571,-0.47224,-0.060595,0.87798,0.10356,-0.98654,-0.12659,57.2,34.393,106.3,-674.39,0.032757,0.14254,-0.67298,-0.048204,0.15491,-0.66177,-0.0052735,0.15061,-0.71772,0.035156,0.14439,-0.7451
4876,0.56509,0.060965,-0.82278,-0.15447,0.98745,-0.032925,0.81044,0.1457,0.56741,3.321,-55.364,-6.1576,0.050564,-0.46232,-0.060984,0.88317,0.1078,-0.98563,-0.13001,55.946,33.267,106.68,-673.24,0.031477,0.1429,-0.67176,-0.04978,0.15498,-0.66239,-0.0055958,0.15099,-0.71734,0.035439,0.1447,-0.74387
4879,0.58054,0.066828,-0.81148,-0.15607,0.98728,-0.030346,0.79913,0.14426,0.58359,2.9767,-54.241,-6.5666,0.04918,-0.45364,-0.06278,0.88761,0.10677,-0.9849,-0.1363,54.851,32.091,106.86,-672.46,0.030195,0.14307,-0.67082,-0.051192,0.15492,-0.66295,-0.006025,0.15133,-0.71702,0.035521,0.14529,-0.74275
4883,0.59568,0.067653,-0.80037,-0.1558,0.98725,-0.032508,0.78797,0.14407,0.59863,3.1084,-53.165,-6.4795,0.049497,-0.44524,-0.062639,0.89185,0.10942,-0.9843,-0.13848,53.788,30.904,107.06,-671.24,0.028993,0.14328,-0.66965,-0.052581,0.15517,-0.6633,-0.0063378,0.15153,-0.7165,0.035721,0.1456,-0.74145
4886,0.60937,0.072924,-0.78953,-0.15528,0.98746,-0.028641,0.77754,0.14005,0.61305,2.6749,-52.141,-6.8242,0.047078,-0.43733,-0.063686,0.89581,0.10592,-0.984,-0.14329,52.776,30.018,106.88,-670.3,0.028069,0.14309,-0.66849,-0.053549,0.15491,-0.66349,-0.0064444,0.15165,-0.71584,0.035989,0.14587,-0.74014
4890,0.62653,0.070289,-0.77622,-0.15215,0.98779,-0.03336,0.7644,0.139,0.62958,3.0332,-50.916,-6.401,0.047849,-0.42769,-0.061751,0.90054,0.11006,-0.98372,-0.14203,51.541,29.304,106.96,-669.3,0.027389,0.14317,-0.66756,-0.054314,0.15517,-0.66434,-0.0060398,0.15177,-0.71565,0.036892,0.1458,-0.73908
4894,0.64055,0.068976,-0.76481,-0.1506,0.9879,-0.037037,0.753,0.13891,0.64319,3.2957,-49.89,-6.1461,0.048637,-0.41957,-0.060699,0.90438,0.11398,-0.98325,-0.14224,50.519,28.823,107.13,-668.63,0.027004,0.14335,-0.6671,-0.054686,0.15564,-0.66533,-0.0055606,0.15183,-0.71586,0.037774,0.14606,-0.73837
4898,0.6541,0.068517,-0.7533,-0.14478,0.98882,-0.035776,0.74243,0.13247,0.6567,3.1183,-48.877,-5.98,0.04631,-0.41171,-0.058712,0.90824,0.11067,-0.9839,-0.14031,49.473,28.395,107.05,-667.98,0.026685,0.14327,-0.66626,-0.054974,0.15586,-0.66589,-0.0050097,0.15218,-0.71554,0.038672,0.14612,-0.73737
4906,0.67216,0.070092,-0.73708,-0.1379,0.98994,-0.03162,0.72745,0.1229,0.67507,2.6818,-47.483,-5.9532,0.042293,-0.40085,-0.056929,0.9134,0.1039,-0.98471,-0.13985,48.042,28.078,106.65,-666.39,0.02659,0.14287,-0.6645,-0.055006,0.15607,-0.66595,-0.0038953,0.1523,-0.71448,0.040267,0.14624,-0.7352
4910,0.68827,0.065046,-0.72253,-0.1322,0.99054,-0.036753,0.71331,0.12081,0.69036,3.0474,-46.264,-5.3988,0.042921,-0.39112,-0.053729,0.91777,0.10808,-0.98489,-0.13529,46.797,27.83,106.76,-665.2,0.026408,0.14298,-0.66332,-0.055053,0.15642,-0.66657,-0.0029247,0.15253,-0.71398,0.041656,0.14601,-0.73389
4913,0.7002,0.068559,-0.71065,-0.12895,0.99115,-0.031434,0.7022,0.11365,0.70285,2.5608,-45.288,-5.5922,0.039375,-0.38344,-0.053603,0.92117,0.10118,-0.98529,-0.13774,45.805,27.373,106.59,-664.55,0.026079,0.14281,-0.66249,-0.055269,0.15663,-0.66698,-0.0023971,0.15275,-0.7135,0.04249,0.14641,-0.73263
4916,0.71393,0.067539,-0.69696,-0.12441,0.99174,-0.031339,0.68908,0.10909,0.71643,2.5047,-44.183,-5.4042,0.037955,-0.37463,-0.051882,0.92494,0.099855,-0.9856,-0.1365,44.68,27.035,106.49,-663.78,0.025797,0.1427,-0.6616,-0.055385,0.15676,-0.66764,-0.0016793,0.15294,-0.71309,0.043537,0.14635,-0.73146
4918,0.72564,0.064652,-0.68503,-0.12078,0.99209,-0.03431,0.67739,0.10764,0.7277,2.6994,-43.238,-5.0914,0.038236,-0.367,-0.04995,0.92809,0.10269,-0.98563,-0.13415,43.721,26.666,106.31,-663.2,0.025596,0.14254,-0.66117,-0.055392,0.15701,-0.66851,-0.00095483,0.15271,-0.71317,0.044533,0.14618,-0.73067
4921,0.7375,0.063975,-0.67231,-0.11733,0.9925,-0.034264,0.66508,0.10415,0.73947,2.6529,-42.246,-4.9578,0.037156,-0.359,-0.048669,0.93133,0.10202,-0.98576,-0.13364,42.715,26.385,106.38,-662.9,0.025385,0.14261,-0.66082,-0.055424,0.15734,-0.66954,-0.00025253,0.15297,-0.71323,0.045508,0.14634,-0.72991
4925,0.74974,0.059756,-0.65903,-0.11169,0.99305,-0.037017,0.65224,0.10136,0.7512,2.8211,-41.226,-4.557,0.037014,-0.35075,-0.04586,0.93461,0.10407,-0.98618,-0.12894,41.669,25.98,106.48,-662.72,0.025028,0.1427,-0.66058,-0.055567,0.15764,-0.67079,0.00039438,0.15324,-0.7134,0.046452,0.14614,-0.72937
4928,0.76436,0.059883,-0.642,-0.11371,0.99259,-0.042802,0.63468,0.10572,0.76551,3.2003,-39.941,-4.4797,0.039568,-0.34012,-0.046248,0.93841,0.11452,-0.98436,-0.13385,40.427,25.527,106.87,-662.1,0.024502,0.1431,-0.66018,-0.055865,0.15792,-0.67225,0.0010109,0.15333,-0.71364,0.04741,0.14651,-0.72845
4932,0.77603,0.056973,-0.62812,-0.10836,0.99315,-0.043799,0.62132,0.10205,0.77689,3.2268,-38.911,-4.1989,0.038727,-0.33175,-0.0439,0.94155,0.11496,-0.98479,-0.13032,39.373,25.06,106.79,-661.56,0.024176,0.14303,-0.65964,-0.055922,0.15825,-0.67312,0.0017185,0.15341,-0.71349,0.048354,0.1464,-0.72744
4936,0.78828,0.052901,-0.61303,-0.10327,0.99354,-0.047058,0.60658,0.1004,0.78865,3.4148,-37.809,-3.8393,0.03902,-0.32272,-0.041325,0.94479,0.11908,-0.98484,-0.12611,38.257,24.408,106.83,-660.8,0.023532,0.14307,-0.65882,-0.056245,0.15842,-0.67391,0.0021703,0.15357,-0.71311,0.049065,0.14612,-0.72635
4940,0.80016,0.055425,-0.59723,-0.10009,0.9941,-0.041848,0.59138,0.093263,0.80098,2.9907,-36.671,-3.9624,0.035628,-0.31343,-0.04101,0.94806,0.112,-0.98531,-0.12892,37.097,23.657,106.55,-660.44,0.022892,0.14278,-0.65828,-0.056551,0.15855,-0.67479,0.0026115,0.15366,-0.71286,0.049736,0.14633,-0.72512
4944,0.81502,0.05488,-0.57683,-0.097943,0.99423,-0.043795,0.5711,0.092191,0.81569,3.0733,-35.228,-3.8522,0.035712,-0.30146,-0.040134,0.95196,0.11662,-0.98449,-0.13106,35.662,23.171,106.61,-659.74,0.02243,0.14284,-0.65762,-0.056529,0.15878,-0.67612,0.0035349,0.15374,-0.71267,0.050949,0.14644,-0.72372
4946,0.82606,0.049388,-0.56142,-0.095286,0.99405,-0.052755,0.55547,0.097073,0.82585,3.655,-34.154,-3.4215,0.039234,-0.29247,-0.037884,0.95472,0.13187,-0.98305,-0.12734,34.616,22.811,106.92,-659.05,0.022111,0.14317,-0.65722,-0.056444,0.15913,-0.6773,0.0043351,0.15369,-0.71275,0.051948,0.14627,-0.72279
4950,0.8369,0.049067,-0.54514,-0.091753,0.99446,-0.05135,0.5396,0.092993,0.83677,3.5116,-33.035,-3.3554,0.037683,-0.28319,-0.036763,0.95762,0.13082,-0.98316,-0.12763,33.481,22.393,106.94,-658.75,0.021783,0.14319,-0.65684,-0.056317,0.15947,-0.67839,0.0050905,0.1539,-0.71264,0.052843,0.14646,-0.72177
4954,0.84872,0.044526,-0.52696,-0.086086,0.99479,-0.054594,0.52178,0.091699,0.84813,3.683,-31.8,-3.0031,0.03807,-0.27292,-0.033989,0.96068,0.13712,-0.98296,-0.12242,32.24,21.912,107.02,-658.1,0.021344,0.14326,-0.65618,-0.056227,0.15974,-0.67947,0.0059008,0.15405,-0.71237,0.053843,0.14621,-0.72053
4957,0.85881,0.04348,-0.51045,-0.082719,0.99509,-0.054408,0.50558,0.08895,0.85818,3.6277,-30.694,-2.8983,0.037204,-0.26368,-0.03275,0.96334,0.13867,-0.98279,-0.12207,31.125,21.155,106.75,-657.52,0.020763,0.143,-0.65564,-0.056274,0.15989,-0.68032,0.0064676,0.15381,-0.71212,0.05451,0.14613,-0.7193
4960,0.86928,0.04526,-0.49224,-0.07955,0.99563,-0.048939,0.48788,0.081699,0.86908,3.223,-29.488,-2.9804,0.033803,-0.25361,-0.032295,0.96618,0.13108,-0.98343,-0.12523,29.889,20.374,106.45,-657.19,0.020079,0.14269,-0.6551,-0.05638,0.16003,-0.68125,0.0069602,0.15388,-0.71175,0.055135,0.14626,-0.71789
4963,0.87887,0.042324,-0.47518,-0.078222,0.99536,-0.056019,0.4706,0.086403,0.87811,3.6503,-28.371,-2.7571,0.036762,-0.24412,-0.031115,0.96855,0.14774,-0.98109,-0.12505,28.816,19.796,106.81,-656.52,0.019372,0.14305,-0.65457,-0.056559,0.16011,-0.68236,0.0073697,0.15402,-0.71153,0.055672,0.14616,-0.71674
4966,0.89436,0.037538,-0.44578,-0.070022,0.99594,-0.056618,0.44184,0.08185,0.89335,3.6264,-26.473,-2.4034,0.035593,-0.22816,-0.027648,0.97258,0.15304,-0.98104,-0.11888,26.897,18.6,106.7,-655.77,0.018237,0.14294,-0.6537,-0.056654,0.16038,-0.68399,0.0081877,0.15416,-0.71099,0.056615,0.14582,-0.71474
4969,0.90766,0.039986,-0.4178,-0.069725,0.99598,-0.056156,0.41388,0.080101,0.9068,3.5436,-24.696,-2.5225,0.034901,-0.21303,-0.028102,0.97602,0.16033,-0.97859,-0.12909,25.147,17.445,106.63,-655.05,0.017099,0.14287,-0.65298,-0.056827,0.16049,-0.68549,0.0087986,0.15414,-0.71057,0.057325,0.14611,-0.71271
4970,0.91516,0.039546,-0.40115,-0.071101,0.99541,-0.064079,0.39677,0.087164,0.91377,4.0113,-23.65,-2.4743,0.038669,-0.20401,-0.02829,0.9778,0.18453,-0.97351,-0.135,24.193,16.828,107.03,-654.27,0.016397,0.14328,-0.65247,-0.056929,0.16055,-0.68643,0.0091534,0.15413,-0.71032,0.057699,0.14629,-0.71153
4971,0.92193,0.037181,-0.38557,-0.064663,0.99619,-0.058551,0.38193,0.078912,0.92082,3.6383,-22.679,-2.3095,0.035079,-0.19586,-0.02599,0.97966,0.17481,-0.97605,-0.12952,23.152,15.955,106.71,-654.26,0.015621,0.14295,-0.65219,-0.057013,0.16073,-0.68723,0.0094415,0.15425,-0.71003,0.058012,0.14603,-0.7105
4973,0.92874,0.037908,-0.36878,-0.063697,0.99628,-0.058007,0.36521,0.077364,0.92771,3.5779,-21.64,-2.3373,0.034484,-0.18697,-0.025882,0.98142,0.17972,-0.97443,-0.13489,22.125,15.306,106.67,-653.94,0.014884,0.14291,-0.65179,-0.057121,0.16068,-0.68813,0.0097451,0.15433,-0.70966,0.058293,0.14604,-0.70934
4976,0.93755,0.032358,-0.34633,-0.059435,0.99592,-0.067846,0.34272,0.084193,0.93566,4.1473,-20.263,-1.9767,0.038647,-0.17515,-0.023333,0.98351,0.21367,-0.96835,-0.129,20.842,14.21,107.16,-653.03,0.013756,0.14341,-0.65115,-0.057277,0.16094,-0.68938,0.010074,0.15443,-0.70927,0.058592,0.14588,-0.7078
4979,0.94437,0.033017,-0.32721,-0.057612,0.99617,-0.065759,0.32379,0.080953,0.94266,3.9904,-19.1,-2.0023,0.037225,-0.16518,-0.022995,0.98529,0.21785,-0.96666,-0.13457,19.678,12.81,107.05,-652.95,0.012402,0.14329,-0.65099,-0.057836,0.16108,-0.69056,0.009911,0.15445,-0.70913,0.058435,0.14598,-0.70668
4982,0.95227,0.030803,-0.30371,-0.0568,0.9954,-0.077135,0.29994,0.090704,0.94964,4.6437,-17.681,-1.8527,0.042509,-0.15289,-0.022187,0.98708,0.2653,-0.95417,-0.13847,18.441,11.023,107.67,-652.1,0.010465,0.14393,-0.65048,-0.058704,0.16112,-0.69189,0.0095038,0.15455,-0.7088,0.057976,0.14606,-0.70519
4985,0.95721,0.036724,-0.28706,-0.058952,0.99586,-0.069174,0.28333,0.083136,0.95541,4.1411,-16.682,-2.1971,0.038521,-0.14426,-0.024197,0.98849,0.25466,-0.95371,-0.15997,17.4,9.8931,107.26,-652.39,0.0092452,0.1435,-0.65048,-0.05934,0.16095,-0.69301,0.0091716,0.15461,-0.70871,0.057583,0.14634,-0.70421
4988,0.96228,0.037009,-0.26954,-0.057436,0.99601,-0.068295,0.26594,0.0812,0.96056,4.0668,-15.637,-2.2025,0.037759,-0.13525,-0.023854,0.9898,0.2651,-0.94956,-0.16748,16.377,8.4281,107.29,-652.54,0.0076926,0.14353,-0.65055,-0.060083,0.16099,-0.69428,0.0086893,0.15479,-0.70872,0.05705,0.1464,-0.70344
4991,0.96768,0.031095,-0.25027,-0.051204,0.99592,-0.074241,0.24694,0.084656,0.96532,4.3978,-14.494,-1.8405,0.040082,-0.12542,-0.02076,0.99108,0.30069,-0.94092,-0.15574,15.32,7.01,107.62,-652.23,0.0063222,0.14387,-0.6504,-0.060534,0.16132,-0.69562,0.0085563,0.15489,-0.70862,0.05679,0.14615,-0.70235
4995,0.97233,0.031497,-0.23148,-0.049389,0.99619,-0.071908,0.22834,0.08135,0.97018,4.2389,-13.384,-1.8553,0.038612,-0.11585,-0.020378,0.99231,0.31189,-0.93575,-0.16461,14.223,6.133,107.43,-652.35,0.0054816,0.14367,-0.65043,-0.06045,0.16138,-0.69682,0.0088496,0.15484,-0.70851,0.05693,0.14616,-0.70136
4998,0.97639,0.02969,-0.21398,-0.045077,0.99671,-0.067392,0.21127,0.075446,0.97451,3.956,-12.356,-1.7417,0.035946,-0.10702,-0.018816,0.99343,0.31407,-0.93506,-0.1644,13.144,5.3261,107.2,-652.47,0.0047473,0.14344,-0.65037,-0.060339,0.16161,-0.69788,0.009165,0.15491,-0.70832,0.057098,0.14602,-0.70029
5001,0.98066,0.026257,-0.19396,-0.041487,0.99633,-0.074881,0.19128,0.081479,0.97815,4.3777,-11.184,-1.5337,0.039311,-0.096856,-0.017032,0.99438,0.37118,-0.91453,-0.16082,12.159,4.3911,107.64,-652.01,0.003793,0.14389,-0.65014,-0.060239,0.1618,-0.69911,0.0094142,0.15501,-0.70808,0.057161,0.146,-0.6991
5004,0.98458,0.02308,-0.17341,-0.03526,0.9971,-0.067492,0.17134,0.072566,0.98254,3.9296,-9.9859,-1.3429,0.035172,-0.086576,-0.014651,0.99552,0.37184,-0.91528,-0.15489,10.855,3.2194,107.25,-652.3,0.0026823,0.14348,-0.65013,-0.060245,0.16201,-0.70025,0.009583,0.15508,-0.70776,0.057133,0.14564,-0.69788
5008,0.98764,0.021827,-0.15524,-0.033199,0.99692,-0.071039,0.15321,0.075314,0.98532,4.1237,-8.9307,-1.2661,0.036727,-0.077405,-0.013809,0.99623,0.42321,-0.89195,-0.15912,9.957,2.3647,107.47,-651.97,0.0017681,0.1437,-0.6499,-0.060243,0.16208,-0.70132,0.009703,0.15518,-0.70749,0.057034,0.14565,-0.69673
5012,0.99052,0.019182,-0.13603,-0.029287,0.99693,-0.072677,0.13422,0.075972,0.98803,4.2069,-7.8184,-1.1094,0.037277,-0.067772,-0.012154,0.99693,0.4761,-0.86558,-0.15524,8.9813,1.3896,107.64,-651.76,0.00081896,0.14388,-0.64973,-0.060119,0.1623,-0.7023,0.0099557,0.15527,-0.70712,0.05706,0.1456,-0.69546
5017,0.99298,0.019395,-0.11667,-0.027496,0.99729,-0.068231,0.11503,0.07096,0.99082,3.9394,-6.7,-1.1189,0.03488,-0.058063,-0.01175,0.99763,0.50738,-0.8446,-0.17092,7.884,0.46859,107.33,-651.88,-9.9542e-05,0.14356,-0.64968,-0.059993,0.16231,-0.70332,0.010158,0.15521,-0.70682,0.057029,0.14552,-0.69431
5022,0.99497,0.016709,-0.09874,-0.023925,0.99709,-0.072361,0.097244,0.07436,0.99248,4.17,-5.6666,-0.96208,0.036751,-0.049091,-0.010178,0.99807,0.59121,-0.78972,-0.16373,7.1279,-0.18449,107.52,-651.56,-0.00067256,0.14376,-0.64951,-0.05952,0.1625,-0.70427,0.01064,0.15517,-0.70654,0.057271,0.14547,-0.69313
5026,0.99669,0.012693,-0.080308,-0.018908,0.99684,-0.077105,0.079076,0.078369,0.99378,4.4366,-4.6063,-0.72962,0.03893,-0.039909,-0.0079126,0.99841,0.69135,-0.70873,-0.14052,6.4562,-0.79302,107.69,-651.25,-0.0011735,0.14394,-0.64938,-0.058934,0.16267,-0.70532,0.011226,0.15505,-0.70623,0.05755,0.14526,-0.69191
5030,0.99845,0.0094319,-0.054824,-0.013322,0.99739,-0.071023,0.054011,0.071644,0.99597,4.0789,-3.1428,-0.54123,0.035703,-0.027237,-0.0056942,0.99897,0.78875,-0.6017,-0.1258,5.1888,-2.0814,107.4,-651.43,-0.002373,0.14363,-0.64933,-0.058597,0.16293,-0.70652,0.011555,0.15504,-0.70573,0.05748,0.145,-0.69034
5033,0.99934,0.0083473,-0.035319,-0.011029,0.99701,-0.076422,0.034576,0.076761,0.99645,4.3857,-2.024,-0.47857,0.03833,-0.017489,-0.0048484,0.9991,0.90381,-0.41239,-0.11432,4.8613,-3.0877,107.73,-650.83,-0.0034276,0.14398,-0.64892,-0.05849,0.16297,-0.70728,0.011616,0.15511,-0.70509,0.057209,0.14505,-0.68876
5036,0.99991,0.0034764,-0.013248,-0.0044463,0.99726,-0.073898,0.012955,0.07395,0.99718,4.2383,-0.75908,-0.1992,0.036988,-0.0065553,-0.0019821,0.99929,0.98329,-0.17427,-0.052691,4.3116,-4.1586,107.66,-650.57,-0.0044577,0.1439,-0.64855,-0.05815,0.1632,-0.7081,0.011888,0.15516,-0.70432,0.057105,0.14469,-0.68708
5038,0.99998,0.0049096,0.0035872,-0.0046632,0.99783,-0.065734,-0.0039021,0.065716,0.99783,3.769,0.20553,-0.2813,0.03288,0.0018734,-0.0023945,0.99945,0.99575,0.056733,-0.072515,3.7846,-4.6131,107.23,-650.61,-0.0050287,0.14345,-0.64829,-0.05776,0.16314,-0.70864,0.012192,0.15521,-0.70365,0.057126,0.1446,-0.68573
5042,0.99974,0.0042836,0.022604,-0.0028236,0.99793,-0.064232,-0.022832,0.064151,0.99768,3.6837,1.2952,-0.24549,0.032114,0.011366,-0.0017778,0.99942,0.94142,0.33318,-0.052116,3.9098,-5.2473,107.12,-650.11,-0.0056917,0.14335,-0.64775,-0.057263,0.16317,-0.7091,0.012564,0.15519,-0.70278,0.057147,0.14451,-0.68401
