frames,r11,r21,r31,r12,r22,r32,r13,r23,r33,roll,pitch,yaw,q1,q2,q3,q4,u1,u2,u3,angle,Sx,Sy,Sz,M1x,M1y,M1z,M2x,M2y,M2z,M3x,M3y,M3z,M4x,M4y,M4z
5851,0.9995,-0.024344,0.020054,0.027319,0.98596,-0.16472,-0.015762,0.16519,0.98614,9.483,1.1491,1.3952,0.082772,0.0089858,0.012962,0.99644,0.98233,0.10664,0.15383,9.6671,2.4267,141.38,-561.58,-0.0049706,0.19427,-0.58653,-0.05942,0.20309,-0.64809,-0.019648,0.20416,-0.65795,0.056927,0.19392,-0.6247
6041,0.99956,-0.021607,0.020225,0.02497,0.98253,-0.18443,-0.015887,0.18486,0.98264,10.63,1.1589,1.2383,0.092733,0.009068,0.011696,0.99558,0.9875,0.096564,0.12455,10.777,1.5234,143.5,-565.83,-0.0058713,0.19584,-0.5919,-0.060308,0.20336,-0.65352,-0.020543,0.2042,-0.66342,0.056003,0.19498,-0.62993
6045,0.99966,-0.019618,0.017312,0.022724,0.97895,-0.20285,-0.012968,0.20317,0.97906,11.705,0.99193,1.1242,0.10205,0.0076102,0.010642,0.99469,0.99188,0.07397,0.10344,11.81,1.6978,144.66,-567.27,-0.0059996,0.19652,-0.59422,-0.060632,0.20273,-0.6558,-0.020948,0.20357,-0.66586,0.05577,0.19494,-0.63252
6070,0.99972,-0.01841,0.014914,0.021243,0.97523,-0.22016,-0.010492,0.22041,0.97535,12.72,0.85457,1.055,0.11083,0.0063915,0.0099755,0.99377,0.99434,0.057341,0.089495,12.799,1.4933,145.86,-569.07,-0.0064372,0.19723,-0.59686,-0.061205,0.20225,-0.65831,-0.021534,0.20304,-0.66852,0.055303,0.19494,-0.63529
6073,0.99971,-0.019979,0.013556,0.022625,0.9712,-0.23719,-0.0084264,0.23743,0.97137,13.722,0.77671,1.1449,0.11952,0.0055356,0.010729,0.99276,0.99494,0.04608,0.089309,13.799,1.8165,147.0,-569.87,-0.0060777,0.1979,-0.59854,-0.060968,0.20194,-0.66,-0.021303,0.20249,-0.67035,0.055551,0.19482,-0.63706
6088,0.99976,-0.019877,0.0086536,0.020952,0.98841,-0.15033,-0.0055653,0.15047,0.9886,8.6462,0.49582,1.139,0.075419,0.0035651,0.010237,0.99709,0.98983,0.04679,0.13436,8.7397,2.1893,142.21,-561.64,-0.0056898,0.19543,-0.58573,-0.06084,0.20492,-0.64654,-0.021207,0.20628,-0.6568,0.055761,0.19597,-0.62454
6090,0.99975,-0.020549,0.0087367,0.021522,0.99104,-0.13183,-0.0059495,0.13198,0.99123,7.5754,0.50058,1.1775,0.066101,0.0036798,0.010542,0.99775,0.98603,0.054892,0.15725,7.6876,1.7782,140.74,-559.88,-0.0059587,0.19439,-0.58303,-0.061061,0.20508,-0.64366,-0.021439,0.20653,-0.65387,0.05553,0.19571,-0.62182
6107,0.99979,-0.020504,0.001341,0.020442,0.98588,-0.16618,0.0020853,0.16617,0.98609,9.5657,0.076833,1.1749,0.083382,-0.00018673,0.010273,0.99646,0.99249,-0.0022227,0.12228,9.6385,2.5047,142.47,-561.48,-0.0054154,0.19529,-0.58641,-0.06103,0.20391,-0.64694,-0.02148,0.20499,-0.65756,0.05574,0.19526,-0.62574
6248,0.99982,-0.013003,-0.013585,0.01036,0.98376,-0.17921,0.015694,0.17904,0.98372,10.325,-0.77837,0.74513,0.089931,-0.0073499,0.0058648,0.9959,0.99458,-0.081285,0.06486,10.376,2.5355,143.51,-565.55,-0.0062139,0.19594,-0.59102,-0.062765,0.20332,-0.65076,-0.023391,0.2046,-0.66197,0.0544,0.19581,-0.63121
6252,0.99972,-0.01165,-0.020764,0.0072035,0.97924,-0.20259,0.022693,0.20238,0.97904,11.691,-1.1898,0.66765,0.10178,-0.010922,0.0047383,0.99474,0.99323,-0.10658,0.046239,11.763,2.7201,145.1,-567.42,-0.0062257,0.19689,-0.59411,-0.063185,0.2028,-0.6535,-0.023935,0.2038,-0.66514,0.054075,0.19598,-0.63466
6262,0.99961,-0.014233,-0.02398,0.010122,0.98648,-0.16355,0.025983,0.16324,0.98624,9.4158,-1.3741,0.81574,0.081983,-0.012534,0.00611,0.99654,0.98584,-0.15072,0.073473,9.5405,3.6834,143.46,-564.87,-0.0055339,0.19634,-0.58924,-0.062699,0.20461,-0.64833,-0.023432,0.20628,-0.65984,0.054631,0.19652,-0.63012
6264,0.99963,-0.014551,-0.023047,0.011035,0.98923,-0.14594,0.024923,0.14563,0.98902,8.394,-1.3206,0.83397,0.073095,-0.012026,0.0064143,0.99723,0.98306,-0.16173,0.086265,8.5283,3.7313,142.09,-563.57,-0.0054028,0.1954,-0.58701,-0.062509,0.20477,-0.64602,-0.023191,0.20659,-0.65742,0.054801,0.19627,-0.62776
6381,0.99925,-0.023302,0.030923,0.027256,0.99056,-0.13431,-0.027501,0.13505,0.99046,7.7224,1.772,1.3359,0.067507,0.014642,0.012671,0.99753,0.96124,0.20849,0.18042,8.0543,3.1214,141.73,-562.16,-0.0039087,0.19533,-0.58566,-0.057634,0.20602,-0.64752,-0.017771,0.20728,-0.65689,0.058439,0.19639,-0.62305
6390,0.99927,-0.016428,-0.034628,0.011688,0.99106,-0.13289,0.036502,0.13238,0.99053,7.641,-1.9844,0.94185,0.066477,-0.017825,0.0070458,0.9976,0.96086,-0.25765,0.10184,7.9343,4.8203,141.84,-561.63,-0.003763,0.19541,-0.58466,-0.061496,0.20604,-0.64278,-0.022314,0.2073,-0.65483,0.05603,0.19728,-0.62598
6392,0.9983,-0.01039,-0.057409,0.0027019,0.99119,-0.1324,0.058279,0.13202,0.98953,7.6209,-3.2911,0.59628,0.066278,-0.028998,0.0032815,0.99737,0.91521,-0.40042,0.045313,8.3058,6.1471,141.86,-561.89,-0.0036599,0.19543,-0.58445,-0.062779,0.20556,-0.64129,-0.023888,0.20741,-0.65413,0.055141,0.19736,-0.62719
6420,0.9993,-0.020577,-0.031355,0.016965,0.99363,-0.11141,0.033448,0.1108,0.99328,6.4,-1.7968,1.1797,0.055651,-0.016229,0.0094018,0.99827,0.94763,-0.27635,0.1601,6.7334,6.2039,140.5,-559.15,-0.0023996,0.19463,-0.58084,-0.05988,0.20662,-0.639,-0.020656,0.20828,-0.65074,0.057545,0.19679,-0.62198
6443,0.99721,-0.021299,-0.07154,0.010987,0.98987,-0.14156,0.073831,0.14038,0.98734,8.1591,-4.1025,1.2236,0.07071,-0.036459,0.0080975,0.9968,0.88424,-0.45593,0.10126,9.1734,11.539,144.09,-564.99,0.0019759,0.19755,-0.5879,-0.057861,0.20778,-0.64401,-0.019139,0.2091,-0.65741,0.06017,0.1985,-0.63154
6445,0.99598,-0.015164,-0.088329,0.0030697,0.99078,-0.13548,0.089569,0.13466,0.98683,7.8172,-5.0675,0.87228,0.06776,-0.044622,0.0045736,0.99669,0.83385,-0.54911,0.056282,9.3222,12.878,143.72,-566.14,0.0024357,0.19728,-0.58842,-0.058377,0.20742,-0.64349,-0.019936,0.20923,-0.65744,0.059829,0.19866,-0.63302
6447,0.99403,-0.017442,-0.10768,0.002802,0.99089,-0.13464,0.10904,0.13354,0.98503,7.7835,-6.1814,1.0052,0.067298,-0.054385,0.0050801,0.99624,0.77644,-0.62746,0.058611,9.9447,13.409,143.85,-566.6,0.0029958,0.19743,-0.58886,-0.058833,0.20794,-0.64263,-0.020609,0.20934,-0.65744,0.059613,0.199,-0.63444
6450,0.99152,-0.016751,-0.12891,-0.0013413,0.99029,-0.139,0.12998,0.13799,0.98187,8.0576,-7.4064,0.96786,0.069565,-0.065018,0.0038699,0.99545,0.72998,-0.68227,0.040609,10.937,15.077,144.55,-567.26,0.0041189,0.19801,-0.58952,-0.058909,0.20822,-0.64205,-0.020994,0.2096,-0.65766,0.059711,0.19944,-0.63626
6454,0.989,-0.014034,-0.14726,-0.006444,0.99046,-0.13766,0.14779,0.1371,0.97947,8.0004,-8.4684,0.81296,0.069046,-0.074145,0.0019072,0.99485,0.68137,-0.7317,0.018821,11.632,16.893,144.81,-568.99,0.0053657,0.19828,-0.59097,-0.058636,0.20837,-0.64227,-0.021011,0.2099,-0.65862,0.060086,0.19989,-0.63867
6458,0.98591,-0.015248,-0.16655,-0.0094064,0.9892,-0.14624,0.16698,0.14575,0.97513,8.5292,-9.5874,0.88603,0.073456,-0.083907,0.0014694,0.99376,0.65863,-0.75235,0.013176,12.807,18.502,145.71,-569.83,0.0064663,0.19898,-0.592,-0.058576,0.20859,-0.64218,-0.021267,0.21004,-0.65921,0.06019,0.20011,-0.64083
6461,0.98147,-0.014294,-0.19107,-0.01374,0.9894,-0.14459,0.19111,0.14454,0.97087,8.4707,-11.015,0.83437,0.072814,-0.09625,0.00013948,0.99269,0.60331,-0.7975,0.0011557,13.864,19.452,145.66,-570.52,0.0070544,0.19894,-0.59248,-0.059189,0.20868,-0.64095,-0.022326,0.20995,-0.65901,0.059588,0.20038,-0.64257
6463,0.9778,-0.0088084,-0.20935,-0.021298,0.98976,-0.14113,0.20845,0.14245,0.9676,8.2981,-12.084,0.51613,0.071476,-0.1053,-0.0031481,0.99186,0.56143,-0.82715,-0.024728,14.628,20.563,145.54,-571.05,0.0074381,0.19883,-0.59256,-0.059722,0.20836,-0.63976,-0.023248,0.20994,-0.65847,0.058995,0.20064,-0.64362
6465,0.97174,-0.0063058,-0.23599,-0.028449,0.98923,-0.14358,0.23435,0.14623,0.96109,8.4966,-13.65,0.3718,0.073169,-0.11875,-0.0055904,0.99021,0.52416,-0.85068,-0.040048,16.048,21.973,145.77,-571.03,0.0081209,0.19894,-0.59236,-0.060358,0.20813,-0.63775,-0.024383,0.20972,-0.65744,0.058286,0.20078,-0.64479
6468,0.96621,-0.0016561,-0.25774,-0.037261,0.98858,-0.14604,0.25504,0.15071,0.95511,8.6932,-14.936,0.098205,0.075036,-0.12966,-0.0090032,0.98867,0.49998,-0.86396,-0.05999,17.263,23.744,146.05,-571.18,0.0088859,0.1991,-0.59215,-0.060655,0.20762,-0.63607,-0.025203,0.20961,-0.65654,0.057768,0.20082,-0.64576
6471,0.96088,-0.0035047,-0.27694,-0.03658,0.98955,-0.13944,0.27454,0.14412,0.95072,8.3441,-16.078,0.20898,0.071782,-0.13961,-0.0083729,0.98757,0.45662,-0.88806,-0.053262,18.089,24.424,145.61,-571.39,0.0094698,0.19882,-0.59188,-0.060904,0.20792,-0.6343,-0.02577,0.20976,-0.65549,0.057356,0.20082,-0.64638
6475,0.9546,-0.0033863,-0.29786,-0.039185,0.98982,-0.13684,0.29529,0.1423,0.94475,8.2414,-17.329,0.20324,0.070771,-0.15038,-0.0090764,0.98605,0.42518,-0.90347,-0.054528,19.163,25.088,145.41,-571.38,0.0099757,0.19863,-0.5917,-0.061314,0.208,-0.63253,-0.026609,0.20955,-0.65453,0.056701,0.20097,-0.64713
6479,0.94843,7.6399e-05,-0.31698,-0.04655,0.98919,-0.13904,0.31355,0.14663,0.93818,8.4301,-18.481,-0.0046154,0.072553,-0.16014,-0.011842,0.98435,0.41175,-0.90881,-0.067205,20.298,26.04,145.65,-571.59,0.01037,0.19873,-0.59188,-0.061765,0.2077,-0.63129,-0.027562,0.20924,-0.65405,0.055972,0.20121,-0.64819
6483,0.94235,0.0059864,-0.33457,-0.055548,0.98877,-0.13876,0.32998,0.14935,0.9321,8.4676,-19.547,-0.36398,0.073292,-0.16906,-0.015654,0.98275,0.39634,-0.91419,-0.08465,21.313,27.607,145.92,-571.98,0.011059,0.1989,-0.59182,-0.061876,0.20727,-0.62994,-0.028132,0.20921,-0.65327,0.055469,0.20147,-0.64902
6487,0.93508,0.0060825,-0.35439,-0.057439,0.98924,-0.13458,0.34975,0.1462,0.92536,8.2748,-20.756,-0.37269,0.071552,-0.17944,-0.016188,0.98103,0.3691,-0.92563,-0.083503,22.356,28.849,145.57,-572.24,0.011963,0.19862,-0.5916,-0.061731,0.20719,-0.62811,-0.028445,0.20913,-0.65212,0.055227,0.20134,-0.64968
6490,0.92823,0.0055398,-0.37196,-0.059801,0.98911,-0.1345,0.36716,0.14709,0.91845,8.3315,-21.837,-0.34194,0.07189,-0.1887,-0.016681,0.97926,0.35481,-0.9313,-0.08233,23.38,29.896,145.49,-572.25,0.012714,0.19852,-0.59142,-0.061708,0.20711,-0.62653,-0.028822,0.20894,-0.65126,0.05486,0.20124,-0.65033
6493,0.92032,0.0079457,-0.39108,-0.066821,0.98829,-0.13717,0.38541,0.15237,0.91008,8.5713,-23.022,-0.49465,0.074084,-0.19868,-0.01913,0.97707,0.34797,-0.93319,-0.089855,24.585,31.078,145.82,-571.97,0.01331,0.19869,-0.59102,-0.061851,0.20685,-0.62464,-0.029552,0.20869,-0.65006,0.054174,0.2014,-0.6509
6496,0.91174,0.016561,-0.41042,-0.075376,0.98897,-0.12754,0.40378,0.14722,0.90293,8.0399,-24.232,-1.0406,0.07044,-0.20874,-0.02357,0.97515,0.31793,-0.94213,-0.10638,25.602,32.37,145.42,-572.89,0.013794,0.19835,-0.59099,-0.062107,0.20627,-0.62298,-0.030409,0.20865,-0.64898,0.053324,0.20165,-0.65159
6499,0.90233,0.017545,-0.4307,-0.079972,0.98864,-0.12727,0.42357,0.14928,0.89348,8.1068,-25.512,-1.1139,0.07108,-0.21957,-0.025064,0.97268,0.30619,-0.94583,-0.10797,26.846,33.387,145.3,-573.33,0.014285,0.19818,-0.59104,-0.062337,0.20589,-0.62135,-0.031193,0.20832,-0.64799,0.052434,0.20141,-0.65254
6502,0.89227,0.021454,-0.45099,-0.086253,0.98857,-0.12362,0.44319,0.1492,0.88392,7.9615,-26.807,-1.3774,0.070305,-0.23042,-0.027755,0.97015,0.28991,-0.95018,-0.11445,28.069,34.412,145.19,-573.59,0.014834,0.19802,-0.59091,-0.062449,0.20559,-0.61943,-0.031963,0.20803,-0.64686,0.051593,0.20162,-0.65321
6505,0.88176,0.024919,-0.47103,-0.093464,0.98803,-0.12269,0.46234,0.15221,0.87354,7.9952,-28.101,-1.6188,0.071043,-0.24121,-0.030594,0.96739,0.28046,-0.95224,-0.12078,29.347,35.87,145.6,-573.93,0.015592,0.19833,-0.59075,-0.062365,0.20546,-0.61754,-0.0325,0.20812,-0.64562,0.050891,0.20192,-0.65384
6508,0.87088,0.022455,-0.49099,-0.092875,0.98848,-0.11953,0.48265,0.14969,0.86293,7.886,-29.406,-1.477,0.069771,-0.25233,-0.029889,0.96466,0.26479,-0.95761,-0.11343,30.555,37.04,145.27,-574.45,0.016479,0.1981,-0.59061,-0.062061,0.20545,-0.61563,-0.032835,0.20818,-0.64436,0.050328,0.20153,-0.65458
6511,0.85981,0.026856,-0.50991,-0.096773,0.98909,-0.11109,0.50136,0.14486,0.85303,7.4196,-30.658,-1.789,0.066512,-0.2628,-0.032128,0.96202,0.24365,-0.9627,-0.11769,31.683,38.305,144.85,-574.99,0.017402,0.19774,-0.59049,-0.061666,0.20521,-0.61373,-0.033065,0.20803,-0.643,0.04987,0.20172,-0.655
6514,0.8498,0.027259,-0.52639,-0.10325,0.98792,-0.11552,0.51689,0.15252,0.84236,7.8089,-31.762,-1.8372,0.069862,-0.27192,-0.034015,0.95918,0.24703,-0.96151,-0.12028,32.855,40.025,145.44,-575.01,0.01843,0.19815,-0.59016,-0.061143,0.20499,-0.61194,-0.033114,0.20802,-0.64182,0.049536,0.20164,-0.65547
6517,0.84087,0.035125,-0.5401,-0.10944,0.98831,-0.10611,0.53006,0.14833,0.83489,7.2431,-32.69,-2.392,0.066462,-0.27953,-0.037761,0.95709,0.22934,-0.96459,-0.1303,33.692,41.466,144.99,-575.9,0.019327,0.19773,-0.59015,-0.060553,0.20431,-0.61059,-0.033097,0.2078,-0.64078,0.049323,0.20174,-0.65586
6521,0.82804,0.034099,-0.55963,-0.11195,0.9881,-0.10544,0.54937,0.14996,0.82201,7.3096,-34.03,-2.3581,0.066951,-0.29071,-0.038285,0.9537,0.2226,-0.96656,-0.12729,35.007,42.968,145.09,-575.98,0.020621,0.19779,-0.59005,-0.059767,0.20445,-0.60861,-0.033007,0.20768,-0.63956,0.049042,0.20187,-0.65639
6525,0.81517,0.034317,-0.57821,-0.11362,0.98832,-0.10153,0.56797,0.14846,0.80955,7.1486,-35.325,-2.4106,0.065761,-0.3015,-0.038915,0.9504,0.21143,-0.96935,-0.12512,36.243,44.372,144.78,-576.55,0.021784,0.19751,-0.5901,-0.058976,0.20428,-0.60683,-0.032909,0.20747,-0.63831,0.048769,0.20171,-0.657
6529,0.80393,0.041086,-0.5933,-0.12212,0.98776,-0.097068,0.58205,0.15049,0.79911,6.9258,-36.391,-2.9257,0.06532,-0.31013,-0.043063,0.94747,0.20423,-0.96962,-0.13464,37.307,46.221,144.8,-577.65,0.022813,0.19742,-0.59019,-0.058256,0.20346,-0.60543,-0.032899,0.20731,-0.63734,0.048349,0.20159,-0.65766
6534,0.79248,0.038333,-0.60869,-0.12452,0.98717,-0.09995,0.59705,0.155,0.78709,7.2371,-37.495,-2.7693,0.067499,-0.31922,-0.043115,0.94429,0.20509,-0.96994,-0.131,38.43,47.408,144.98,-577.79,0.023735,0.19752,-0.59017,-0.057637,0.20344,-0.60391,-0.03286,0.20713,-0.63627,0.047976,0.20135,-0.65822
6539,0.77985,0.038076,-0.62481,-0.12316,0.98797,-0.093508,0.61373,0.14987,0.77516,6.8784,-38.668,-2.7953,0.06465,-0.329,-0.042829,0.94114,0.19126,-0.97333,-0.12671,39.512,48.254,144.47,-578.57,0.024625,0.19714,-0.59051,-0.057002,0.20351,-0.6025,-0.032853,0.20701,-0.63543,0.047565,0.20135,-0.65892
6543,0.76784,0.044356,-0.63911,-0.13434,0.98657,-0.092928,0.6264,0.15721,0.76348,6.9396,-39.725,-3.3061,0.066682,-0.33736,-0.047637,0.9378,0.19207,-0.97174,-0.13721,40.629,50.017,145.16,-579.46,0.025553,0.19759,-0.59077,-0.056342,0.20302,-0.60131,-0.0329,0.20694,-0.63465,0.047008,0.20168,-0.65966
6546,0.75715,0.047777,-0.6515,-0.13781,0.98656,-0.087807,0.63855,0.15626,0.75355,6.6464,-40.655,-3.6107,0.065257,-0.34491,-0.049619,0.93505,0.18407,-0.9729,-0.13996,41.528,51.065,144.95,-580.35,0.026285,0.19735,-0.59102,-0.055745,0.20261,-0.60023,-0.032908,0.20675,-0.63384,0.046587,0.20162,-0.66025
6549,0.74493,0.047902,-0.66542,-0.13767,0.98699,-0.083068,0.65278,0.15349,0.74183,6.3892,-41.715,-3.6793,0.063461,-0.35363,-0.049783,0.9319,0.17496,-0.97496,-0.13725,42.534,51.959,144.74,-581.03,0.027131,0.19721,-0.59128,-0.055039,0.20271,-0.5989,-0.032816,0.20675,-0.63302,0.046167,0.20172,-0.6608
6552,0.73061,0.042729,-0.68146,-0.13888,0.98648,-0.087046,0.66852,0.15824,0.72666,6.8309,-42.958,-3.3471,0.066089,-0.36373,-0.048933,0.92787,0.17722,-0.97538,-0.13122,43.791,53.105,144.82,-581.47,0.028116,0.19723,-0.59163,-0.054218,0.20277,-0.59751,-0.032685,0.20649,-0.63218,0.045675,0.2013,-0.66159
6555,0.71781,0.04654,-0.69468,-0.14492,0.9859,-0.083691,0.68099,0.16075,0.71443,6.6814,-44.002,-3.7097,0.066106,-0.37204,-0.051778,0.92441,0.17332,-0.97546,-0.13576,44.841,54.647,144.93,-582.59,0.029155,0.19725,-0.59198,-0.053206,0.20228,-0.5964,-0.032417,0.20635,-0.63132,0.045373,0.20123,-0.66227
6558,0.70554,0.042153,-0.70742,-0.14315,0.98613,-0.084005,0.69406,0.16053,0.70179,6.8259,-45.025,-3.4191,0.066373,-0.3804,-0.050295,0.92107,0.17045,-0.97687,-0.12916,45.835,55.771,144.8,-583.21,0.030328,0.19717,-0.59244,-0.052152,0.20253,-0.59539,-0.031946,0.20632,-0.63077,0.0453,0.20101,-0.66304
6562,0.69126,0.043099,-0.72132,-0.14459,0.98628,-0.079633,0.70799,0.15934,0.68801,6.6022,-46.163,-3.5676,0.065131,-0.38955,-0.051153,0.91727,0.16354,-0.97814,-0.12844,46.939,57.477,144.63,-584.79,0.031766,0.19702,-0.59308,-0.050708,0.20224,-0.59441,-0.031238,0.20638,-0.63009,0.045264,0.2007,-0.66398
6566,0.67666,0.042438,-0.73507,-0.14475,0.98652,-0.076294,0.72192,0.15803,0.67369,6.4612,-47.313,-3.5887,0.064138,-0.3988,-0.051236,0.91336,0.15752,-0.97946,-0.12584,48.054,58.668,144.63,-585.6,0.032906,0.19706,-0.59346,-0.049601,0.20245,-0.59315,-0.030834,0.20647,-0.62917,0.044998,0.20084,-0.66456
6570,0.66232,0.044627,-0.74789,-0.15042,0.98582,-0.074382,0.73397,0.16176,0.65964,6.4336,-48.408,-3.8548,0.06492,-0.40739,-0.053621,0.90936,0.15606,-0.9793,-0.1289,49.165,59.945,144.82,-586.39,0.03379,0.19713,-0.59372,-0.048657,0.20213,-0.59183,-0.03065,0.20626,-0.62824,0.044417,0.20084,-0.66511
6574,0.64531,0.044909,-0.7626,-0.15175,0.98591,-0.070347,0.7487,0.16112,0.64303,6.2433,-49.694,-3.981,0.063958,-0.4176,-0.05434,0.90475,0.15015,-0.9804,-0.12757,50.422,60.87,144.48,-587.03,0.034593,0.19681,-0.59382,-0.047799,0.20187,-0.59008,-0.030629,0.20596,-0.62684,0.043657,0.20062,-0.66541
6578,0.62917,0.043374,-0.77606,-0.15522,0.98534,-0.070774,0.76161,0.16499,0.62668,6.4434,-50.901,-3.9436,0.065478,-0.42705,-0.055156,0.90017,0.15034,-0.98049,-0.12664,51.64,61.811,144.51,-587.55,0.03528,0.19676,-0.59395,-0.047069,0.20165,-0.58848,-0.030619,0.20567,-0.6257,0.042854,0.2003,-0.66575
6581,0.61457,0.049906,-0.78728,-0.1624,0.98462,-0.064359,0.77196,0.16741,0.61323,5.9913,-51.932,-4.6425,0.064655,-0.43498,-0.059227,0.89616,0.14571,-0.98028,-0.13348,52.684,62.558,144.63,-588.2,0.035619,0.19673,-0.594,-0.046605,0.20115,-0.58703,-0.030906,0.20532,-0.62445,0.041833,0.20063,-0.66583
6584,0.59817,0.04912,-0.79986,-0.17027,0.98312,-0.066965,0.78307,0.17625,0.59644,6.406,-53.117,-4.6944,0.068219,-0.44399,-0.061537,0.89131,0.15046,-0.97925,-0.13572,53.923,63.422,144.88,-588.4,0.035981,0.19678,-0.59374,-0.046085,0.20059,-0.58512,-0.031223,0.20483,-0.62293,0.040646,0.20012,-0.66591
6586,0.58694,0.054103,-0.80782,-0.17181,0.98336,-0.058973,0.79119,0.17341,0.58647,5.7421,-53.884,-5.2666,0.065395,-0.44999,-0.063576,0.88837,0.14243,-0.98007,-0.13847,54.663,63.842,144.63,-588.92,0.036299,0.19654,-0.59358,-0.045659,0.20024,-0.58381,-0.031278,0.20471,-0.62175,0.039969,0.20029,-0.66571
6589,0.57057,0.054716,-0.81942,-0.17149,0.98372,-0.053725,0.80314,0.17118,0.57066,5.3782,-55.027,-5.4778,0.063613,-0.45893,-0.063982,0.88388,0.13601,-0.98122,-0.1368,55.773,64.424,144.32,-588.96,0.036919,0.19627,-0.59337,-0.044848,0.20025,-0.58189,-0.031216,0.20444,-0.6202,0.03923,0.20043,-0.66545
6593,0.55303,0.056795,-0.83122,-0.17563,0.9832,-0.049671,0.81444,0.17346,0.55372,5.1259,-56.224,-5.8636,0.063467,-0.46809,-0.066111,0.87891,0.13306,-0.98137,-0.1386,56.977,65.815,144.21,-589.66,0.038021,0.19608,-0.59308,-0.043463,0.19963,-0.57991,-0.030676,0.20419,-0.61845,0.038711,0.19999,-0.66529
6596,0.54025,0.051611,-0.83992,-0.17417,0.98336,-0.051603,0.82328,0.17417,0.54025,5.4562,-57.132,-5.457,0.064492,-0.47509,-0.064494,0.8752,0.13331,-0.98207,-0.13332,57.864,66.641,143.96,-589.53,0.038937,0.19587,-0.59301,-0.042365,0.19978,-0.57859,-0.03012,0.20393,-0.61735,0.038601,0.19962,-0.66525
6601,0.52536,0.052461,-0.84926,-0.17767,0.98286,-0.049192,0.83212,0.17673,0.52568,5.3461,-58.131,-5.7025,0.064852,-0.48266,-0.06606,0.8709,0.13196,-0.9821,-0.13442,58.872,68.325,143.85,-590.04,0.040418,0.19569,-0.59298,-0.040613,0.19936,-0.57714,-0.029104,0.20359,-0.61614,0.038716,0.19934,-0.66527
6606,0.50771,0.053328,-0.85987,-0.17819,0.983,-0.044245,0.8429,0.17568,0.50858,4.972,-59.302,-5.9961,0.063495,-0.49161,-0.06684,0.86592,0.12695,-0.98287,-0.13363,60.023,69.721,143.62,-591.04,0.041776,0.19547,-0.59315,-0.038897,0.19907,-0.57566,-0.028173,0.20349,-0.61482,0.038631,0.19907,-0.66537
6610,0.48857,0.051533,-0.871,-0.17837,0.98307,-0.041889,0.8541,0.17583,0.48949,4.8913,-60.575,-6.0212,0.06326,-0.50125,-0.066802,0.8604,0.12413,-0.98357,-0.13108,61.278,70.838,143.5,-591.48,0.042899,0.19537,-0.59335,-0.037368,0.19919,-0.57404,-0.027518,0.20331,-0.61353,0.038181,0.19907,-0.66549
6613,0.47291,0.052369,-0.87956,-0.1821,0.98249,-0.03941,0.86209,0.1788,0.47416,4.7513,-61.589,-6.3191,0.063746,-0.50878,-0.068494,0.8558,0.12323,-0.98351,-0.1324,62.304,72.059,143.68,-592.58,0.043932,0.19546,-0.5938,-0.036001,0.19897,-0.57309,-0.02687,0.20324,-0.61271,0.03787,0.19896,-0.66591
6616,0.4573,0.05136,-0.88783,-0.18067,0.98288,-0.036201,0.87077,0.17696,0.45875,4.512,-62.601,-6.4081,0.062598,-0.51644,-0.068139,0.85131,0.11931,-0.98433,-0.12987,63.291,72.94,143.48,-593.52,0.044903,0.19532,-0.59442,-0.034646,0.19908,-0.57227,-0.026208,0.20319,-0.6121,0.037619,0.19896,-0.66633
6619,0.44224,0.052854,-0.89534,-0.18495,0.98218,-0.033371,0.87762,0.18035,0.44414,4.297,-63.552,-6.8154,0.063093,-0.5234,-0.070202,0.84684,0.11863,-0.98413,-0.132,64.26,73.981,143.75,-594.63,0.045745,0.1955,-0.59481,-0.033412,0.19884,-0.57136,-0.025646,0.20318,-0.61129,0.037244,0.1989,-0.66663
6623,0.42584,0.053796,-0.9032,-0.18569,0.98218,-0.02905,0.88554,0.18009,0.42824,3.8808,-64.582,-7.2,0.062091,-0.53106,-0.071102,0.84206,0.11512,-0.98457,-0.13182,65.284,75.473,143.61,-595.26,0.047229,0.19535,-0.59492,-0.031513,0.19868,-0.57004,-0.024499,0.20302,-0.61006,0.037328,0.19885,-0.6666
6629,0.41,0.052165,-0.91059,-0.1828,0.98281,-0.026005,0.89358,0.17712,0.41249,3.6075,-65.587,-7.2508,0.060638,-0.53859,-0.070143,0.83745,0.11095,-0.9855,-0.12835,66.256,77.13,143.16,-595.73,0.049073,0.195,-0.59492,-0.029238,0.19861,-0.56862,-0.022862,0.20291,-0.60882,0.037954,0.19854,-0.6665
6638,0.39411,0.052279,-0.91758,-0.18221,0.98301,-0.022253,0.90082,0.17596,0.39693,3.2088,-66.574,-7.5563,0.059504,-0.54589,-0.070394,0.83277,0.10748,-0.98604,-0.12715,67.231,78.988,143.06,-597.22,0.051017,0.19492,-0.59572,-0.026795,0.19852,-0.5681,-0.021111,0.20297,-0.60832,0.038685,0.19839,-0.66707
6642,0.38563,0.046647,-0.92147,-0.18263,0.98282,-0.026679,0.9044,0.17858,0.38753,3.9382,-67.142,-6.8971,0.061821,-0.54992,-0.069056,0.83006,0.11085,-0.98609,-0.12383,67.791,79.817,143.23,-597.67,0.051824,0.19509,-0.59651,-0.025748,0.19897,-0.56816,-0.020423,0.20295,-0.60852,0.038832,0.19831,-0.66775
6648,0.36785,0.043588,-0.92886,-0.18332,0.9827,-0.026482,0.91164,0.18002,0.36947,4.0996,-68.258,-6.7578,0.062604,-0.55798,-0.068791,0.82462,0.11067,-0.98639,-0.12161,68.899,81.224,143.34,-599.48,0.053256,0.1952,-0.59788,-0.023752,0.19914,-0.56807,-0.019237,0.20304,-0.60853,0.038908,0.19813,-0.66893
6654,0.35292,0.045123,-0.93456,-0.18549,0.98239,-0.022614,0.91708,0.18133,0.35508,3.6442,-69.158,-7.286,0.062169,-0.56444,-0.070297,0.82012,0.10865,-0.98646,-0.12286,69.806,82.402,143.45,-601.08,0.054387,0.19526,-0.59886,-0.022145,0.19898,-0.56784,-0.01825,0.20303,-0.60832,0.038904,0.19813,-0.66964
6664,0.34067,0.04089,-0.93929,-0.18706,0.98203,-0.025093,0.92139,0.18425,0.34219,4.194,-69.933,-6.8444,0.06412,-0.5699,-0.069818,0.81622,0.11098,-0.98645,-0.12085,70.583,83.234,143.9,-602.81,0.055182,0.19569,-0.60045,-0.020905,0.19945,-0.56844,-0.017581,0.20333,-0.60906,0.038783,0.19818,-0.67109
6668,0.33379,0.03548,-0.94198,-0.18955,0.98141,-0.030202,0.92339,0.18863,0.33431,5.1621,-70.387,-6.0675,0.067221,-0.573,-0.069125,0.81386,0.11569,-0.98614,-0.11896,71.05,83.641,144.22,-603.4,0.055478,0.19595,-0.60122,-0.020388,0.19976,-0.56867,-0.017378,0.20335,-0.60937,0.038585,0.19796,-0.67183
6717,0.34373,0.031421,-0.93854,-0.17936,0.98324,-0.032773,0.92178,0.17961,0.34361,5.4483,-69.808,-5.223,0.06498,-0.56919,-0.064492,0.81709,0.11271,-0.98731,-0.11187,70.41,84.581,144.21,-603.69,0.056901,0.19622,-0.60198,-0.019295,0.20088,-0.5702,-0.015797,0.20429,-0.61085,0.040733,0.19845,-0.67263
6757,0.35916,0.030599,-0.93277,-0.17133,0.98464,-0.033669,0.91742,0.1719,0.35888,5.3596,-68.872,-4.8696,0.062523,-0.56272,-0.061414,0.82199,0.10979,-0.98809,-0.10784,69.431,85.407,143.97,-602.65,0.058116,0.19619,-0.60113,-0.018509,0.2013,-0.5706,-0.014374,0.20489,-0.61117,0.043079,0.19857,-0.67208
6770,0.37592,0.029895,-0.92617,-0.16691,0.98532,-0.035944,0.91149,0.1681,0.37539,5.4694,-67.845,-4.5468,0.061672,-0.55543,-0.059484,0.82714,0.10974,-0.98831,-0.10584,68.388,84.803,144.13,-602.03,0.057697,0.19647,-0.60091,-0.019463,0.20183,-0.57179,-0.014562,0.20547,-0.61218,0.043984,0.19891,-0.6721
6788,0.39058,0.029181,-0.92011,-0.16872,0.98484,-0.040385,0.90498,0.17101,0.38958,5.9184,-66.942,-4.2728,0.063566,-0.54879,-0.059507,0.83141,0.1144,-0.98765,-0.10709,67.512,83.817,144.16,-600.4,0.056532,0.19641,-0.60023,-0.021098,0.20183,-0.57229,-0.015544,0.20506,-0.61273,0.043933,0.19902,-0.67157
6798,0.40588,0.032579,-0.91334,-0.16539,0.98548,-0.038344,0.89884,0.16662,0.40538,5.4034,-65.972,-4.5892,0.061279,-0.54181,-0.059188,0.83617,0.11173,-0.98786,-0.10792,66.524,83.315,144.01,-599.46,0.056182,0.19634,-0.59934,-0.02191,0.20177,-0.57267,-0.015674,0.2053,-0.61297,0.044786,0.19921,-0.67084
6804,0.42218,0.032354,-0.90593,-0.16353,0.98569,-0.041004,0.89164,0.16546,0.42143,5.5573,-64.95,-4.3823,0.061372,-0.53434,-0.058227,0.84102,0.11344,-0.9877,-0.10763,65.503,82.767,144.05,-598.14,0.055697,0.19641,-0.59845,-0.022803,0.20191,-0.5732,-0.015891,0.20548,-0.61338,0.045544,0.1993,-0.67011
6809,0.43987,0.03251,-0.89747,-0.15748,0.98665,-0.041447,0.88414,0.15957,0.43912,5.3919,-63.828,-4.2269,0.059373,-0.52623,-0.056118,0.84641,0.11149,-0.98816,-0.10538,64.353,81.804,143.9,-597.11,0.055029,0.19641,-0.59772,-0.02394,0.20222,-0.57401,-0.016227,0.20593,-0.61396,0.046296,0.19947,-0.66957
6814,0.45607,0.034006,-0.8893,-0.15451,0.98712,-0.041494,0.87643,0.15633,0.45544,5.2056,-62.785,-4.2643,0.058098,-0.51856,-0.055364,0.85127,0.11072,-0.98824,-0.10551,63.3,81.119,143.89,-596.01,0.054476,0.19646,-0.59703,-0.024911,0.20242,-0.57473,-0.016464,0.20615,-0.61453,0.047089,0.19979,-0.66898
6822,0.4723,0.033866,-0.88079,-0.15193,0.98743,-0.0435,0.86825,0.15436,0.47151,5.2711,-61.738,-4.1014,0.057784,-0.51079,-0.05426,0.85604,0.11179,-0.98817,-0.10497,62.25,80.612,143.72,-594.94,0.054087,0.19633,-0.59645,-0.025687,0.20244,-0.57558,-0.01651,0.20616,-0.61525,0.047996,0.19977,-0.66852
6830,0.48872,0.035092,-0.87173,-0.14986,0.98772,-0.044257,0.85947,0.15227,0.48797,5.1822,-60.661,-4.1071,0.057072,-0.50275,-0.053712,0.86087,0.11217,-0.98807,-0.10556,61.17,80.08,143.97,-594.35,0.053648,0.19663,-0.59604,-0.026479,0.2027,-0.57668,-0.016557,0.20665,-0.61612,0.0489,0.20007,-0.66819
6835,0.50807,0.035817,-0.86057,-0.14728,0.98803,-0.04583,0.84863,0.15003,0.50727,5.1625,-59.38,-4.0324,0.056508,-0.49313,-0.052825,0.86651,0.11321,-0.98792,-0.10583,59.888,79.204,143.91,-593.19,0.052905,0.19661,-0.59545,-0.027613,0.20281,-0.57788,-0.016809,0.20676,-0.61703,0.049797,0.20023,-0.6676
6838,0.5201,0.031456,-0.85353,-0.14657,0.98778,-0.052909,0.84144,0.15262,0.51836,5.8281,-58.597,-3.4611,0.059074,-0.48717,-0.051169,0.8698,0.11973,-0.98738,-0.10371,59.128,78.563,144.08,-591.97,0.052308,0.19677,-0.59504,-0.028447,0.20313,-0.57858,-0.017109,0.20674,-0.61772,0.050203,0.20016,-0.66729
6843,0.5369,0.031145,-0.84307,-0.14408,0.98802,-0.055254,0.83125,0.15113,0.53496,5.897,-57.466,-3.3199,0.058993,-0.47858,-0.050085,0.87463,0.12169,-0.98718,-0.10331,57.999,77.616,143.93,-590.81,0.051519,0.19664,-0.59458,-0.029575,0.20322,-0.5797,-0.017428,0.20665,-0.61865,0.050808,0.20024,-0.66684
6849,0.55251,0.033359,-0.83284,-0.14213,0.98834,-0.054702,0.8213,0.14859,0.55081,5.6716,-56.391,-3.4551,0.05781,-0.47037,-0.049902,0.87916,0.12131,-0.98708,-0.10472,56.919,76.949,144.07,-590.05,0.05097,0.19683,-0.59406,-0.030324,0.20339,-0.58069,-0.017474,0.207,-0.61932,0.051602,0.2006,-0.66625
6853,0.56465,0.030186,-0.82478,-0.14051,0.98826,-0.060021,0.81328,0.14978,0.56226,6.0932,-55.566,-3.0601,0.059433,-0.46405,-0.048355,0.88249,0.12637,-0.98664,-0.10281,56.111,76.334,144.21,-588.96,0.050455,0.19697,-0.59352,-0.031004,0.20364,-0.58134,-0.017595,0.20712,-0.61986,0.052148,0.20052,-0.66579
6857,0.58161,0.029379,-0.81293,-0.13393,0.98917,-0.060076,0.80236,0.14382,0.57925,5.9212,-54.384,-2.8917,0.057441,-0.45506,-0.046008,0.88742,0.12461,-0.98717,-0.099807,54.899,75.337,143.82,-587.48,0.049848,0.19673,-0.59247,-0.031842,0.20384,-0.58193,-0.017609,0.2073,-0.6202,0.053049,0.2005,-0.66467
6859,0.59309,0.035999,-0.80433,-0.13059,0.99007,-0.051978,0.79447,0.13586,0.59191,5.0185,-53.545,-3.4734,0.052708,-0.44863,-0.046744,0.89094,0.11607,-0.98789,-0.10293,54.018,74.871,143.45,-587.14,0.049585,0.19648,-0.59191,-0.032224,0.20368,-0.58248,-0.017457,0.20752,-0.62043,0.053785,0.20092,-0.66387
6862,0.60869,0.032646,-0.79274,-0.12446,0.99071,-0.054766,0.78359,0.132,0.6071,5.1546,-52.442,-3.07,0.05215,-0.44015,-0.043868,0.89534,0.11709,-0.98823,-0.098493,52.897,74.114,143.24,-585.93,0.049172,0.1964,-0.59105,-0.032768,0.20395,-0.58323,-0.017226,0.20783,-0.62082,0.054836,0.20068,-0.66301
6865,0.62576,0.034099,-0.77927,-0.11978,0.9914,-0.052803,0.77076,0.12638,0.62446,4.8333,-51.194,-3.119,0.049761,-0.43046,-0.042733,0.90022,0.11428,-0.98859,-0.098141,51.625,73.287,143.06,-584.57,0.048672,0.19634,-0.5901,-0.033403,0.2042,-0.58401,-0.017043,0.2081,-0.62124,0.055878,0.20101,-0.66182
6867,0.63795,0.030706,-0.76947,-0.11691,0.99148,-0.057364,0.76115,0.12656,0.63611,5.153,-50.306,-2.7557,0.050889,-0.42351,-0.040845,0.90354,0.11876,-0.98834,-0.095319,50.745,72.759,143.15,-583.5,0.04833,0.19646,-0.5895,-0.033794,0.20448,-0.58472,-0.016869,0.20829,-0.62169,0.056718,0.20088,-0.66121
6870,0.65453,0.03157,-0.75537,-0.11258,0.99206,-0.056088,0.7476,0.12175,0.65289,4.9101,-49.058,-2.7614,0.048952,-0.41371,-0.039678,0.90822,0.11698,-0.9886,-0.094815,49.478,72.028,142.93,-582.94,0.047812,0.19634,-0.58889,-0.034387,0.20444,-0.58588,-0.01666,0.20865,-0.62244,0.057699,0.20073,-0.6604
6873,0.67089,0.034362,-0.74076,-0.11197,0.99217,-0.055383,0.73305,0.1201,0.66949,4.729,-47.796,-2.932,0.048063,-0.40367,-0.040079,0.91276,0.11766,-0.9882,-0.098114,48.22,71.383,142.97,-581.69,0.047314,0.19639,-0.58816,-0.034902,0.2045,-0.58694,-0.016426,0.2087,-0.62304,0.058708,0.20113,-0.65935
6876,0.68445,0.029015,-0.72848,-0.10647,0.99247,-0.060502,0.72124,0.11897,0.68239,5.0668,-46.759,-2.4274,0.04896,-0.39549,-0.03696,0.91642,0.12233,-0.98818,-0.09235,47.183,70.601,142.84,-580.27,0.046941,0.19634,-0.58752,-0.035305,0.2049,-0.5878,-0.016112,0.20876,-0.62364,0.05973,0.20093,-0.65854
6879,0.69966,0.027157,-0.71396,-0.10292,0.99269,-0.063103,0.70702,0.11763,0.69734,5.1707,-45.558,-2.2228,0.049084,-0.3859,-0.035327,0.92056,0.12566,-0.98794,-0.090439,45.985,69.898,142.8,-578.98,0.046565,0.19635,-0.58692,-0.035611,0.20517,-0.58888,-0.015664,0.20883,-0.62441,0.060838,0.20101,-0.65756
6882,0.71423,0.023827,-0.69951,-0.098584,0.99288,-0.066838,0.69293,0.1167,0.71149,5.3666,-44.387,-1.9107,0.049632,-0.37655,-0.033103,0.92447,0.13018,-0.98768,-0.086828,44.822,69.12,142.82,-577.73,0.046151,0.19642,-0.58635,-0.035934,0.20553,-0.59,-0.015239,0.20897,-0.62512,0.061927,0.201,-0.65673
6885,0.72985,0.024095,-0.68318,-0.094006,0.99342,-0.065392,0.67711,0.11195,0.72732,5.1376,-43.092,-1.8908,0.047735,-0.36615,-0.031789,0.92879,0.1288,-0.98795,-0.085775,43.506,68.288,142.79,-577.01,0.04564,0.1965,-0.58581,-0.036338,0.20583,-0.59131,-0.014793,0.20943,-0.62584,0.063006,0.20117,-0.65573
6887,0.7415,0.02602,-0.67045,-0.093327,0.99353,-0.064658,0.66443,0.11051,0.73913,4.9994,-42.102,-2.0097,0.046991,-0.35809,-0.032015,0.93196,0.1296,-0.98763,-0.0883,42.516,67.777,142.88,-576.6,0.045199,0.19659,-0.5855,-0.036643,0.20582,-0.59239,-0.014576,0.20967,-0.62656,0.063703,0.20131,-0.65506
6889,0.75246,0.023042,-0.65824,-0.09067,0.9935,-0.06887,0.65237,0.1115,0.74965,5.249,-41.166,-1.754,0.048237,-0.3505,-0.03041,0.93483,0.13584,-0.98702,-0.085636,41.6,67.218,142.96,-576.17,0.04476,0.19669,-0.58527,-0.03695,0.20589,-0.59358,-0.014321,0.20986,-0.6273,0.064427,0.20096,-0.65467
6892,0.76803,0.019692,-0.64011,-0.08547,0.99374,-0.071978,0.63469,0.10999,0.7649,5.3758,-39.8,-1.4687,0.048449,-0.33941,-0.027999,0.93897,0.14084,-0.98668,-0.081394,40.241,65.892,142.85,-575.11,0.043926,0.19665,-0.58499,-0.037577,0.20622,-0.59525,-0.014094,0.20991,-0.62843,0.065264,0.20092,-0.65387
6895,0.78295,0.019005,-0.62179,-0.082542,0.99387,-0.073559,0.61658,0.10892,0.77972,5.3893,-38.447,-1.3905,0.048379,-0.32833,-0.026923,0.94294,0.1453,-0.98608,-0.080859,38.897,64.484,143.1,-574.11,0.042901,0.19693,-0.58466,-0.038281,0.20668,-0.5968,-0.014058,0.21021,-0.6295,0.065916,0.20133,-0.6529
6898,0.79852,0.012929,-0.60183,-0.075867,0.99396,-0.07931,0.59716,0.10899,0.79468,5.6993,-37.001,-0.92762,0.04971,-0.31653,-0.023442,0.94699,0.15473,-0.98526,-0.072968,37.479,62.888,143.08,-572.82,0.041936,0.19696,-0.58432,-0.038886,0.20715,-0.59854,-0.0138,0.21025,-0.63064,0.066759,0.20116,-0.65202
6900,0.8097,0.013738,-0.58668,-0.075613,0.99384,-0.081083,0.58195,0.11001,0.80575,5.7464,-35.922,-0.97206,0.050294,-0.30756,-0.023516,0.94991,0.16092,-0.98409,-0.075242,36.424,62.189,143.18,-572.38,0.041278,0.19704,-0.58407,-0.039244,0.20701,-0.59982,-0.013617,0.21034,-0.63145,0.067274,0.20108,-0.65138
6902,0.82008,0.015584,-0.57203,-0.076623,0.99362,-0.08278,0.56709,0.11172,0.81604,5.7923,-34.892,-1.0887,0.051044,-0.29895,-0.024199,0.95259,0.16777,-0.98261,-0.079538,35.425,61.522,143.4,-571.86,0.040625,0.19721,-0.58381,-0.039647,0.20691,-0.60105,-0.013449,0.21041,-0.63212,0.067785,0.20118,-0.65061
6904,0.83013,0.015123,-0.55736,-0.073329,0.99391,-0.082249,0.55272,0.10915,0.82619,5.6852,-33.873,-1.0437,0.050089,-0.29051,-0.023148,0.95528,0.16939,-0.98244,-0.078281,34.4,60.457,143.42,-571.13,0.039946,0.19728,-0.58348,-0.039998,0.20723,-0.6021,-0.013213,0.21061,-0.63272,0.06833,0.20143,-0.64972
6906,0.83963,0.011501,-0.54304,-0.066763,0.99438,-0.082167,0.53904,0.10525,0.83568,5.6155,-32.891,-0.78476,0.048916,-0.28243,-0.020428,0.95782,0.17022,-0.98284,-0.071086,33.401,59.258,143.01,-570.55,0.039277,0.197,-0.58325,-0.040284,0.20742,-0.60321,-0.012957,0.21064,-0.63339,0.068874,0.20113,-0.649
6909,0.85307,0.0054444,-0.52177,-0.060322,0.99427,-0.088247,0.5183,0.10675,0.84851,5.9376,-31.451,-0.36566,0.050717,-0.27051,-0.017105,0.96123,0.18392,-0.98098,-0.062029,32.014,57.598,143.22,-569.27,0.038167,0.19723,-0.58269,-0.040825,0.2079,-0.60468,-0.012684,0.21087,-0.63419,0.069486,0.20092,-0.64768
6912,0.8665,0.0041553,-0.49916,-0.05596,0.99447,-0.088864,0.49603,0.10493,0.86194,5.8862,-29.944,-0.27476,0.05022,-0.25789,-0.015578,0.96474,0.19081,-0.97984,-0.059189,30.519,56.012,143.05,-568.45,0.037026,0.19711,-0.58228,-0.041361,0.20794,-0.60635,-0.01243,0.21091,-0.63505,0.070028,0.20076,-0.64645
6914,0.87587,0.0062513,-0.48251,-0.055887,0.9945,-0.088562,0.47931,0.10453,0.8714,5.8031,-28.85,-0.40893,0.049912,-0.24861,-0.016062,0.96718,0.19644,-0.97848,-0.063214,29.438,55.002,143.18,-567.89,0.036177,0.19723,-0.58198,-0.041729,0.20795,-0.60753,-0.012293,0.21104,-0.63568,0.070375,0.201,-0.64546
6916,0.88437,0.0066123,-0.46674,-0.055078,0.99439,-0.090272,0.46353,0.10554,0.87977,5.8585,-27.823,-0.42838,0.050501,-0.23992,-0.01591,0.96935,0.20554,-0.9765,-0.064756,28.446,53.998,143.33,-567.27,0.03537,0.19736,-0.58172,-0.042131,0.20799,-0.60867,-0.012137,0.2111,-0.63632,0.070712,0.20109,-0.64458
6918,0.89228,0.0035394,-0.45147,-0.04979,0.99464,-0.090608,0.44873,0.10333,0.88767,5.8282,-26.838,-0.22727,0.04991,-0.23167,-0.013725,0.97142,0.21025,-0.97594,-0.057817,27.464,52.564,143.07,-566.67,0.034501,0.19717,-0.58156,-0.042491,0.20819,-0.60984,-0.012022,0.21105,-0.63692,0.070974,0.20094,-0.64381
6920,0.90007,0.0012499,-0.43575,-0.046753,0.9945,-0.09372,0.43323,0.10473,0.89518,5.9768,-25.833,-0.079564,0.050969,-0.22319,-0.012329,0.97336,0.22231,-0.97349,-0.053776,26.508,51.32,143.15,-565.96,0.033646,0.19724,-0.58135,-0.04277,0.20833,-0.61097,-0.011866,0.21103,-0.63757,0.071234,0.20086,-0.64288
6922,0.90738,-0.0028394,-0.4203,-0.044776,0.99363,-0.10338,0.41791,0.11262,0.90148,6.542,-24.853,0.17929,0.055386,-0.21493,-0.010753,0.975,0.24925,-0.96723,-0.048392,25.677,50.276,143.7,-564.93,0.032818,0.19766,-0.58101,-0.043079,0.20845,-0.61202,-0.011727,0.211,-0.63817,0.071447,0.20067,-0.64213
6925,0.91627,-0.0066624,-0.4005,-0.035672,0.99453,-0.098157,0.39896,0.10423,0.91102,6.1495,-23.609,0.4166,0.051762,-0.20447,-0.0074196,0.97748,0.24526,-0.96882,-0.035156,24.368,48.071,142.98,-564.41,0.031623,0.19713,-0.58089,-0.043529,0.20885,-0.61344,-0.01155,0.21096,-0.63895,0.071722,0.20053,-0.6409
6928,0.92506,-0.012786,-0.37961,-0.03214,0.99321,-0.11178,0.37846,0.1156,0.91837,6.9394,-22.309,0.7919,0.058042,-0.19351,-0.0049404,0.97937,0.28721,-0.95756,-0.024447,23.318,46.762,143.66,-563.27,0.030526,0.19763,-0.58053,-0.043866,0.20885,-0.61495,-0.011307,0.21089,-0.63967,0.071962,0.19998,-0.6399
6930,0.93108,-0.010423,-0.36467,-0.029413,0.99419,-0.10351,0.36363,0.1071,0.92536,6.3826,-21.387,0.64137,0.053665,-0.18557,-0.0048386,0.98115,0.27771,-0.96034,-0.02504,22.284,45.497,143.06,-563.26,0.029795,0.19719,-0.58054,-0.044031,0.20892,-0.61604,-0.01106,0.21089,-0.64026,0.072183,0.20021,-0.639
6933,0.93951,-0.01439,-0.34221,-0.025133,0.99353,-0.11078,0.34159,0.11268,0.93307,6.7707,-20.012,0.87749,0.056823,-0.17389,-0.002732,0.98312,0.31058,-0.95043,-0.014932,21.084,44.034,143.32,-562.59,0.028669,0.19736,-0.5804,-0.044285,0.20887,-0.61775,-0.010708,0.21084,-0.64117,0.072494,0.19975,-0.63797
6936,0.94664,-0.013956,-0.32198,-0.022264,0.99384,-0.10853,0.32151,0.10991,0.9405,6.5828,-18.783,0.84465,0.055443,-0.16332,-0.0021084,0.98501,0.32143,-0.94686,-0.012223,19.865,42.494,143.14,-562.4,0.027479,0.19725,-0.58032,-0.044667,0.20886,-0.61924,-0.010598,0.21094,-0.64184,0.072517,0.19969,-0.63692
6939,0.95271,-0.016675,-0.30343,-0.017986,0.99365,-0.11108,0.30336,0.11128,0.94636,6.6944,-17.664,1.0027,0.05635,-0.15377,-0.00033208,0.9865,0.34408,-0.93894,-0.0020277,18.852,40.799,143.24,-561.89,0.026263,0.19734,-0.58023,-0.045034,0.20902,-0.62053,-0.010542,0.21097,-0.64249,0.072448,0.19957,-0.63592
6941,0.95769,-0.021855,-0.28697,-0.010787,0.99369,-0.11167,0.2876,0.11004,0.95141,6.6946,-16.677,1.3073,0.056115,-0.14542,0.0028012,0.98777,0.35995,-0.9328,0.017968,17.938,38.55,143.09,-561.17,0.024946,0.19723,-0.5801,-0.045625,0.20948,-0.62159,-0.010721,0.21087,-0.64308,0.072151,0.19952,-0.63492
6944,0.96303,-0.018719,-0.26875,-0.012363,0.99346,-0.1135,0.26912,0.11262,0.9565,6.7671,-15.59,1.1136,0.057156,-0.13595,0.0016067,0.98906,0.38753,-0.92179,0.010894,16.963,36.913,143.3,-560.66,0.02348,0.19735,-0.57994,-0.046336,0.20928,-0.62278,-0.011027,0.21075,-0.64361,0.071715,0.19975,-0.63385
6947,0.96813,-0.015494,-0.24998,-0.013192,0.99354,-0.11267,0.25011,0.11238,0.96167,6.6826,-14.476,0.91691,0.056811,-0.12624,0.00058111,0.99037,0.41038,-0.9119,0.0041978,15.914,35.241,143.25,-560.55,0.021934,0.1973,-0.57996,-0.047048,0.209,-0.62414,-0.011363,0.2107,-0.64421,0.071203,0.19981,-0.63292
6950,0.97241,-0.016049,-0.23271,-0.010982,0.99337,-0.1144,0.23301,0.1138,0.96579,6.7551,-13.457,0.94555,0.057543,-0.11744,0.0012779,0.99141,0.43998,-0.89795,0.0097707,15.03,33.402,143.38,-560.26,0.020482,0.19739,-0.58,-0.047694,0.20906,-0.62541,-0.011653,0.21068,-0.64484,0.070717,0.19985,-0.63215
6954,0.97679,-0.023805,-0.21289,-0.0022255,0.99263,-0.1212,0.21421,0.11886,0.96953,7.1256,-12.292,1.3961,0.060479,-0.1076,0.0054365,0.99234,0.4895,-0.87089,0.044001,14.194,30.852,143.56,-559.84,0.018567,0.19753,-0.58011,-0.048649,0.20926,-0.62697,-0.012135,0.21064,-0.64572,0.069894,0.19922,-0.63131
6958,0.98139,-0.023099,-0.19065,2.0279e-05,0.99275,-0.12018,0.19204,0.11794,0.97427,7.0319,-10.991,1.3483,0.059915,-0.096297,0.0058174,0.99353,0.52759,-0.84795,0.051226,13.042,28.806,143.43,-559.85,0.016826,0.19743,-0.58023,-0.049281,0.2091,-0.62858,-0.01235,0.21065,-0.64643,0.069312,0.19908,-0.63031
6961,0.98446,-0.024579,-0.17385,0.002848,0.99226,-0.12416,0.17556,0.12173,0.97691,7.243,-10.012,1.4302,0.061832,-0.087864,0.0068969,0.99419,0.57432,-0.81612,0.064062,12.361,27.258,143.78,-559.38,0.015757,0.1977,-0.58024,-0.049542,0.20927,-0.6298,-0.012323,0.21063,-0.647,0.069099,0.19918,-0.62942
