frames,r11,r21,r31,r12,r22,r32,r13,r23,r33,roll,pitch,yaw,q1,q2,q3,q4,u1,u2,u3,angle,Sx,Sy,Sz,M1x,M1y,M1z,M2x,M2y,M2z,M3x,M3y,M3z,M4x,M4y,M4z
3801,0.99449,-0.082027,0.06535,0.08722,0.99289,-0.081043,-0.058237,0.086296,0.99457,4.6585,3.7469,4.7152,0.04193,0.030967,0.042408,0.99774,0.62398,0.46084,0.63109,7.706,15.929,161.84,-744.64,0.025176,0.23445,-0.77734,-0.030521,0.23713,-0.8381,0.040464,0.23002,-0.83415,0.087753,0.22365,-0.81587
3954,0.99447,-0.09206,0.050533,0.095913,0.99217,-0.080014,-0.042771,0.084418,0.99551,4.5953,2.8966,5.2889,0.0412,0.023378,0.047099,0.99777,0.61677,0.34997,0.70507,7.6604,15.256,162.51,-737.9,0.024594,0.23514,-0.77054,-0.031951,0.23841,-0.83051,0.038951,0.23076,-0.82762,0.086496,0.22372,-0.81022
3982,0.99573,-0.08577,0.034112,0.088222,0.99301,-0.078436,-0.027146,0.08111,0.99634,4.5013,1.9548,4.9232,0.039961,0.015343,0.043579,0.99813,0.65418,0.25117,0.71341,7.0043,14.199,162.79,-733.68,0.022361,0.2356,-0.76621,-0.035235,0.23858,-0.8253,0.035804,0.23155,-0.82349,0.083639,0.22463,-0.80688
3994,0.9968,-0.077745,0.018559,0.078978,0.99374,-0.079044,-0.012297,0.080257,0.9967,4.5344,1.0634,4.4597,0.039889,0.0077264,0.039243,0.9984,0.70615,0.13678,0.69472,6.4765,13.563,163.31,-736.91,0.020874,0.23616,-0.76955,-0.037639,0.23886,-0.82778,0.033411,0.23219,-0.82704,0.08155,0.22584,-0.81102
4018,0.99702,-0.076866,0.0068882,0.077174,0.99272,-0.092451,0.00026835,0.092707,0.99569,5.3048,0.39467,4.4086,0.046374,0.001658,0.03858,0.99818,0.76846,0.027474,0.63931,6.9195,15.218,164.48,-743.5,0.022176,0.2369,-0.77715,-0.037046,0.23891,-0.83463,0.034008,0.23217,-0.83473,0.082353,0.22616,-0.81921
4032,0.99671,-0.07953,-0.015517,0.077835,0.99294,-0.089554,0.022529,0.088052,0.99586,5.1386,-0.88907,4.5621,0.044482,-0.0095287,0.039413,0.99819,0.73903,-0.15831,0.65481,6.9014,17.341,164.21,-743.35,0.023718,0.23678,-0.77681,-0.036719,0.23919,-0.83292,0.03427,0.2323,-0.83472,0.082992,0.22604,-0.82034
4034,0.99615,-0.08099,-0.03341,0.077812,0.99313,-0.087417,0.04026,0.084481,0.99561,5.0178,-1.9146,4.6481,0.043056,-0.018452,0.039776,0.99811,0.70064,-0.30027,0.64726,7.0464,18.798,163.98,-743.9,0.024667,0.23666,-0.77721,-0.036749,0.23934,-0.83221,0.034192,0.23237,-0.83523,0.083096,0.22598,-0.82179
4036,0.99525,-0.081516,-0.053302,0.076785,0.99338,-0.08547,0.059916,0.080971,0.99491,4.9101,-3.0554,4.6824,0.041696,-0.028363,0.039657,0.99794,0.64994,-0.44211,0.61815,7.3565,20.665,163.56,-744.81,0.025739,0.23639,-0.77792,-0.036757,0.23918,-0.83169,0.03411,0.23237,-0.83609,0.083274,0.22573,-0.82371
4038,0.99373,-0.083378,-0.074484,0.076572,0.993,-0.089986,0.081465,0.083719,0.99315,5.1772,-4.2716,4.7961,0.043536,-0.039086,0.040089,0.99748,0.61384,-0.5511,0.56524,8.1341,22.213,163.77,-745.37,0.026698,0.2365,-0.77879,-0.036968,0.23924,-0.83126,0.033797,0.23229,-0.83726,0.083201,0.2256,-0.82599
4040,0.99191,-0.082322,-0.096664,0.072792,0.99249,-0.098289,0.10403,0.090457,0.99045,5.6673,-5.5471,4.7443,0.047336,-0.050332,0.038901,0.99685,0.59698,-0.63476,0.4906,9.0958,23.769,164.34,-745.96,0.027449,0.23683,-0.77998,-0.037385,0.23919,-0.83096,0.033254,0.2322,-0.83859,0.082923,0.22575,-0.82841
4042,0.98958,-0.081018,-0.11906,0.070293,0.9933,-0.091676,0.12569,0.082351,0.98865,5.2978,-6.838,4.6804,0.043663,-0.061408,0.037963,0.99643,0.51751,-0.72783,0.44995,9.6797,25.393,163.84,-747.8,0.028166,0.23664,-0.78125,-0.037808,0.23929,-0.8308,0.032673,0.23255,-0.83991,0.08253,0.22592,-0.83089
4044,0.98661,-0.082087,-0.14091,0.068794,0.99293,-0.096757,0.14785,0.085768,0.98528,5.6086,-8.1003,4.7561,0.045833,-0.072509,0.037887,0.99559,0.48876,-0.77323,0.40402,10.762,26.387,164.04,-748.69,0.028888,0.23663,-0.78262,-0.038141,0.23945,-0.83068,0.032088,0.23218,-0.84143,0.082182,0.22593,-0.83334
4046,0.98347,-0.083964,-0.16041,0.06876,0.9928,-0.098097,0.16749,0.085446,0.98216,5.7037,-9.2308,4.8798,0.046126,-0.082405,0.038381,0.99479,0.45249,-0.80839,0.37651,11.702,27.851,164.07,-750.01,0.02961,0.2367,-0.78389,-0.038338,0.2395,-0.83059,0.031641,0.23231,-0.84272,0.081906,0.22577,-0.83573
4048,0.97993,-0.085964,-0.17986,0.069399,0.99292,-0.096454,0.18688,0.082036,0.97895,5.627,-10.362,5.0134,0.044894,-0.092241,0.039077,0.99396,0.40895,-0.84026,0.35597,12.605,29.393,163.8,-751.55,0.030419,0.23658,-0.78514,-0.038432,0.23953,-0.83046,0.03131,0.23247,-0.84388,0.081653,0.22557,-0.83795
4050,0.97624,-0.087516,-0.19822,0.067936,0.9923,-0.10353,0.20576,0.087599,0.97467,6.0629,-11.433,5.1226,0.048124,-0.10172,0.039142,0.99288,0.40392,-0.85376,0.32853,13.685,30.641,164.17,-752.0,0.031293,0.2367,-0.78614,-0.038443,0.23959,-0.83018,0.031032,0.23215,-0.84506,0.081457,0.22547,-0.84003
4052,0.97202,-0.089312,-0.21726,0.067048,0.99191,-0.10778,0.22513,0.090199,0.97014,6.3395,-12.548,5.2498,0.049908,-0.11152,0.039416,0.99172,0.38875,-0.86868,0.30703,14.752,32.215,164.59,-752.82,0.032127,0.23705,-0.7871,-0.038458,0.23979,-0.82975,0.030705,0.23238,-0.84594,0.081245,0.22551,-0.84199
4054,0.96757,-0.08649,-0.23732,0.063712,0.99274,-0.10204,0.24442,0.083608,0.96606,6.0294,-13.729,5.108,0.046844,-0.12156,0.037901,0.99075,0.34527,-0.89597,0.27935,15.595,33.814,163.94,-754.29,0.032946,0.23665,-0.78805,-0.038501,0.23959,-0.82928,0.030323,0.23241,-0.84684,0.080927,0.22557,-0.84385
4056,0.96255,-0.084799,-0.25749,0.059975,0.99289,-0.10279,0.26437,0.083499,0.9608,6.1065,-14.921,5.0347,0.047068,-0.13185,0.036579,0.98948,0.32528,-0.91121,0.25279,16.64,35.429,164.0,-755.34,0.033625,0.23675,-0.78897,-0.038636,0.23951,-0.82871,0.029753,0.23259,-0.84764,0.080434,0.22573,-0.84567
4058,0.9575,-0.085025,-0.27561,0.057394,0.99262,-0.10683,0.28266,0.086467,0.95532,6.3804,-15.998,5.0745,0.048905,-0.14125,0.036033,0.98811,0.31807,-0.91865,0.23435,17.689,36.672,164.36,-755.95,0.03415,0.23702,-0.78973,-0.03887,0.23959,-0.8281,0.029128,0.23269,-0.84839,0.079837,0.22581,-0.84752
4060,0.95201,-0.084665,-0.29411,0.05436,0.99247,-0.10974,0.30119,0.088487,0.94945,6.5932,-17.104,5.0821,0.050228,-0.15084,0.035226,0.98665,0.30845,-0.92631,0.21633,18.743,37.804,164.44,-756.66,0.034567,0.23703,-0.79053,-0.039243,0.23948,-0.82751,0.028387,0.23258,-0.84916,0.079067,0.22577,-0.84925
4062,0.9461,-0.081515,-0.31346,0.050645,0.99314,-0.1054,0.3199,0.083847,0.94373,6.3729,-18.268,4.9244,0.048021,-0.16071,0.033534,0.98526,0.28074,-0.93955,0.19605,19.698,39.181,164.26,-758.14,0.034898,0.23708,-0.79139,-0.039592,0.23941,-0.82685,0.02757,0.23305,-0.8497,0.078298,0.22608,-0.85078
4064,0.94009,-0.079551,-0.33151,0.047182,0.9934,-0.10458,0.33764,0.082678,0.93764,6.3645,-19.36,4.8369,0.047589,-0.17005,0.032206,0.98376,0.26512,-0.94737,0.17943,20.681,39.943,164.08,-758.88,0.035256,0.23689,-0.79211,-0.039915,0.23943,-0.82612,0.026895,0.23281,-0.85031,0.077583,0.22624,-0.85231
4067,0.93179,-0.081039,-0.35383,0.044573,0.99293,-0.11003,0.36025,0.086755,0.92881,6.7561,-20.722,4.9706,0.050123,-0.18188,0.031994,0.98152,0.26194,-0.95049,0.1672,22.064,41.36,164.51,-759.64,0.035731,0.2372,-0.79299,-0.040267,0.23949,-0.82521,0.025918,0.23291,-0.85102,0.076517,0.22619,-0.85438
4069,0.92568,-0.077856,-0.37021,0.040698,0.99341,-0.10715,0.37612,0.084122,0.92275,6.6237,-21.729,4.8077,0.048793,-0.19038,0.030242,0.98003,0.24537,-0.95742,0.15209,22.94,42.291,164.39,-760.56,0.036004,0.23718,-0.79358,-0.040532,0.23948,-0.82446,0.025213,0.23306,-0.85139,0.075809,0.22653,-0.85546
4072,0.91474,-0.078776,-0.39628,0.034859,0.99254,-0.11684,0.40253,0.093065,0.91067,7.3112,-23.346,4.9221,0.053713,-0.20441,0.029078,0.97698,0.25177,-0.95814,0.1363,24.636,43.81,165.02,-760.89,0.036575,0.23745,-0.79449,-0.040853,0.23945,-0.82316,0.024075,0.2327,-0.8522,0.074436,0.22646,-0.8578
4075,0.9047,-0.074544,-0.41947,0.031235,0.99353,-0.10919,0.4249,0.085685,0.90118,6.9087,-24.801,4.7103,0.049989,-0.21659,0.027134,0.9746,0.22323,-0.96721,0.12117,25.881,45.498,164.55,-762.76,0.037011,0.23734,-0.79527,-0.04108,0.23921,-0.82202,0.023068,0.23324,-0.85251,0.07335,0.2267,-0.85949
4077,0.89723,-0.075029,-0.43515,0.028487,0.99324,-0.11252,0.44065,0.088557,0.8933,7.179,-25.795,4.7801,0.051685,-0.22512,0.026608,0.9726,0.2223,-0.96824,0.11444,26.889,46.253,164.8,-763.23,0.037189,0.23748,-0.79583,-0.041345,0.23926,-0.82118,0.022238,0.23317,-0.85287,0.072363,0.22672,-0.86072
4079,0.88972,-0.071046,-0.45095,0.023657,0.99366,-0.10988,0.4559,0.08709,0.88576,7.0712,-26.805,4.5655,0.050727,-0.23355,0.02439,0.97071,0.21115,-0.97217,0.10152,27.801,47.154,164.71,-764.22,0.037304,0.23747,-0.79642,-0.041665,0.23908,-0.8204,0.021397,0.23331,-0.85311,0.071385,0.22701,-0.86185
4080,0.88179,-0.066956,-0.46686,0.019638,0.99423,-0.1055,0.47123,0.08386,0.87802,6.8516,-27.831,4.3422,0.048866,-0.24208,0.022346,0.96877,0.19706,-0.97624,0.090115,28.715,47.79,164.57,-765.04,0.037449,0.2374,-0.7969,-0.041912,0.23915,-0.81947,0.020563,0.23338,-0.85333,0.070412,0.22748,-0.86287
4083,0.87072,-0.065472,-0.4874,0.0144,0.99407,-0.10781,0.49156,0.086851,0.8665,7.0921,-29.17,4.3001,0.050386,-0.2534,0.020675,0.96583,0.1944,-0.97767,0.079767,30.044,49.068,164.85,-765.97,0.037618,0.23763,-0.79758,-0.042332,0.23898,-0.81831,0.019368,0.23352,-0.85363,0.068953,0.22756,-0.86443
4085,0.86231,-0.063279,-0.50241,0.012761,0.99456,-0.10336,0.50622,0.08272,0.85843,6.8659,-30.16,4.197,0.04827,-0.26164,0.019725,0.96376,0.18093,-0.98071,0.073935,30.946,49.544,164.7,-766.89,0.037702,0.23759,-0.79807,-0.04259,0.23917,-0.81741,0.018569,0.2337,-0.85377,0.068007,0.22792,-0.86543
4088,0.85081,-0.063808,-0.52159,0.012499,0.99478,-0.10131,0.52533,0.079674,0.84716,6.8193,-31.439,4.2889,0.04709,-0.2724,0.019854,0.96083,0.16991,-0.98285,0.071637,32.18,50.118,164.35,-768.01,0.037816,0.23733,-0.79882,-0.042847,0.23919,-0.81635,0.017486,0.23356,-0.85409,0.066658,0.22782,-0.86677
4091,0.84083,-0.06075,-0.53788,0.0072165,0.99485,-0.10108,0.54125,0.081109,0.83694,6.8865,-32.54,4.1324,0.047534,-0.28155,0.017733,0.9582,0.16615,-0.98415,0.061984,33.248,51.105,164.51,-769.06,0.037876,0.23748,-0.79951,-0.043122,0.23898,-0.8155,0.016442,0.23371,-0.8544,0.065377,0.22801,-0.8682
4094,0.82973,-0.059253,-0.55502,0.0023787,0.99472,-0.10264,0.55816,0.083842,0.82548,7.0877,-33.712,4.0847,0.048805,-0.29134,0.01613,0.95524,0.16497,-0.98479,0.054524,34.415,52.111,164.62,-770.1,0.037967,0.23752,-0.80028,-0.043302,0.2387,-0.8146,0.015405,0.23365,-0.85473,0.064092,0.22797,-0.86946
4097,0.81806,-0.059001,-0.57209,0.0010449,0.99487,-0.10111,0.57513,0.082115,0.81393,7.0811,-34.896,4.1252,0.048104,-0.3012,0.015765,0.95222,0.1575,-0.98617,0.051616,35.567,52.937,164.5,-771.05,0.038179,0.23748,-0.80077,-0.043434,0.23869,-0.81341,0.014509,0.23373,-0.85474,0.062793,0.22797,-0.87065
4100,0.80558,-0.055959,-0.58984,-0.0026181,0.99518,-0.097989,0.59249,0.080482,0.80155,6.9698,-36.146,3.9736,0.047016,-0.31147,0.014052,0.94899,0.14911,-0.98782,0.044565,36.759,53.967,164.38,-772.06,0.038389,0.23744,-0.80114,-0.04344,0.23849,-0.81204,0.013484,0.23387,-0.8546,0.061555,0.22813,-0.87152
4102,0.79217,-0.054571,-0.60786,-0.0071901,0.99509,-0.098706,0.61026,0.082562,0.78788,7.1408,-37.435,3.9408,0.047934,-0.32212,0.012529,0.9454,0.14708,-0.98838,0.038445,38.041,54.925,164.45,-772.67,0.038526,0.23745,-0.80147,-0.043541,0.23831,-0.81048,0.012443,0.23375,-0.85445,0.060011,0.22812,-0.87258
4105,0.77943,-0.050744,-0.62443,-0.010157,0.99556,-0.093581,0.62641,0.079282,0.77545,6.8812,-38.641,3.725,0.04587,-0.33192,0.01077,0.94213,0.13683,-0.99007,0.032126,39.175,55.795,164.41,-773.59,0.038731,0.23753,-0.80166,-0.043523,0.23834,-0.80902,0.011493,0.23409,-0.85406,0.058767,0.22857,-0.87318
4108,0.76749,-0.051199,-0.63901,-0.011737,0.99552,-0.09386,0.64095,0.079537,0.76345,7.0089,-39.718,3.8165,0.046168,-0.3408,0.010507,0.93894,0.13418,-0.99049,0.030537,40.25,56.453,164.32,-774.26,0.038829,0.23745,-0.80199,-0.04353,0.23822,-0.80775,0.010619,0.234,-0.85394,0.057444,0.22842,-0.8739
4111,0.75622,-0.046637,-0.65265,-0.016258,0.99581,-0.089996,0.65411,0.078668,0.75229,6.8218,-40.742,3.529,0.04505,-0.34903,0.0081141,0.93599,0.12797,-0.99151,0.02305,41.222,56.965,164.34,-775.06,0.038823,0.23747,-0.80243,-0.043637,0.23821,-0.80675,0.0097468,0.23404,-0.85381,0.056231,0.2289,-0.87462
4115,0.74081,-0.04667,-0.67009,-0.016575,0.99601,-0.087694,0.6715,0.076072,0.73708,6.7848,-42.074,3.6047,0.043932,-0.3599,0.0080732,0.93192,0.12114,-0.99239,0.022261,42.527,57.656,164.27,-776.42,0.038834,0.23753,-0.80298,-0.043677,0.23822,-0.80538,0.0085797,0.23435,-0.85363,0.054636,0.22892,-0.87557
4118,0.72934,-0.044641,-0.6827,-0.022798,0.99573,-0.089466,0.68377,0.080815,0.72521,7.0328,-43.055,3.5026,0.045836,-0.36783,0.0058797,0.92875,0.12364,-0.9922,0.01586,43.52,58.413,164.65,-776.95,0.038817,0.23775,-0.80337,-0.043747,0.23808,-0.80437,0.0076608,0.2343,-0.85352,0.053255,0.22908,-0.87619
4121,0.71603,-0.044306,-0.69666,-0.023468,0.99589,-0.087456,0.69768,0.078971,0.71205,7.0022,-44.16,3.5408,0.044971,-0.37677,0.0056307,0.9252,0.1185,-0.99284,0.014838,44.603,58.806,164.73,-777.76,0.038762,0.2379,-0.80366,-0.0438,0.23829,-0.80308,0.0066089,0.23457,-0.85323,0.051829,0.22931,-0.8768
4124,0.70254,-0.043849,-0.71029,-0.025921,0.99586,-0.087117,0.71117,0.079615,0.6985,7.1092,-45.258,3.5715,0.045232,-0.38562,0.0048638,0.92153,0.11649,-0.99311,0.012526,45.697,59.088,164.68,-778.43,0.038547,0.23782,-0.80403,-0.043975,0.23821,-0.80184,0.0054628,0.23442,-0.85303,0.05018,0.22928,-0.87742
4126,0.68665,-0.042832,-0.72573,-0.025787,0.9962,-0.083194,0.72653,0.075839,0.68293,6.9454,-46.529,3.5694,0.043343,-0.3958,0.0046452,0.9173,0.10885,-0.99399,0.011666,46.93,59.43,164.58,-779.89,0.038363,0.23788,-0.8046,-0.044087,0.23828,-0.80059,0.0042537,0.23479,-0.85276,0.048455,0.22947,-0.87808
4129,0.67141,-0.042361,-0.73987,-0.03104,0.99588,-0.085187,0.74044,0.080161,0.66733,7.2746,-47.721,3.6102,0.045274,-0.40532,0.0030997,0.91305,0.111,-0.99379,0.0076,48.14,60.135,164.86,-780.65,0.038419,0.23799,-0.8053,-0.043953,0.23827,-0.79958,0.0032624,0.23458,-0.85277,0.046924,0.22953,-0.87899
4131,0.65978,-0.046469,-0.75002,-0.0312,0.99553,-0.089126,0.75081,0.082204,0.65538,7.7442,-48.592,4.0288,0.047081,-0.41242,0.0041958,0.90976,0.11341,-0.9935,0.010107,49.054,60.766,165.09,-781.47,0.038605,0.23817,-0.80585,-0.043678,0.23839,-0.79883,0.0027151,0.23468,-0.85278,0.04595,0.22922,-0.87977
4134,0.63989,-0.045229,-0.76713,-0.033171,0.99571,-0.086374,0.76775,0.080716,0.63565,7.7381,-50.097,4.043,0.046192,-0.42431,0.0033334,0.90433,0.10822,-0.9941,0.0078096,50.534,61.544,165.16,-783.12,0.038902,0.23827,-0.807,-0.043154,0.23866,-0.79785,0.0017967,0.2348,-0.85295,0.044341,0.2296,-0.88093
4136,0.62685,-0.05094,-0.77748,-0.035866,0.99492,-0.094105,0.77832,0.086874,0.62183,8.6055,-51.03,4.6459,0.050244,-0.43192,0.004185,0.9005,0.11554,-0.99326,0.0096239,51.552,62.252,165.53,-783.94,0.039065,0.23842,-0.80794,-0.042839,0.23873,-0.79739,0.0011679,0.23456,-0.85327,0.043219,0.22906,-0.88208
4138,0.60753,-0.046969,-0.79291,-0.042169,0.99494,-0.091246,0.79318,0.088871,0.60247,8.6122,-52.458,4.4208,0.050305,-0.44298,0.0013406,0.89512,0.11284,-0.99361,0.0030069,52.953,63.482,165.5,-786.3,0.039503,0.23831,-0.80976,-0.042062,0.2384,-0.7972,0.00052886,0.23432,-0.85412,0.041771,0.22923,-0.88379
4140,0.59433,-0.053235,-0.80246,-0.036266,0.99502,-0.092869,0.80341,0.084297,0.58943,8.9537,-53.366,5.1184,0.049684,-0.45035,0.0047586,0.89146,0.10965,-0.99391,0.010502,53.886,63.892,164.98,-788.26,0.039925,0.23797,-0.81117,-0.041461,0.23846,-0.79729,0.00019855,0.2343,-0.85485,0.04101,0.22853,-0.88521
4143,0.57505,-0.055922,-0.8162,-0.034721,0.99509,-0.092642,0.81738,0.081614,0.57029,9.2269,-54.706,5.5543,0.049166,-0.46091,0.0059817,0.88606,0.10606,-0.99428,0.012904,55.234,64.461,164.72,-790.35,0.040523,0.23768,-0.81339,-0.040548,0.23893,-0.79762,-0.00016645,0.2339,-0.85607,0.039997,0.22855,-0.8872
4145,0.56326,-0.0612,-0.82401,-0.037269,0.99436,-0.099326,0.82544,0.086656,0.5578,10.097,-55.488,6.201,0.052685,-0.46725,0.0067791,0.88253,0.11203,-0.9936,0.014416,56.103,65.439,165.08,-792.08,0.040892,0.23792,-0.81485,-0.039957,0.23889,-0.7979,-0.0005064,0.23395,-0.85697,0.039171,0.22801,-0.88876
4147,0.55123,-0.062847,-0.83199,-0.041698,0.99384,-0.1027,0.83331,0.091304,0.54521,10.668,-56.303,6.5044,0.05518,-0.47366,0.0060153,0.87896,0.11571,-0.9932,0.012613,56.966,66.349,165.44,-793.63,0.041238,0.23813,-0.81628,-0.0393,0.23889,-0.79818,-0.00076177,0.23388,-0.85774,0.038419,0.2279,-0.89007
4149,0.53928,-0.066485,-0.8395,-0.047303,0.99291,-0.10902,0.8408,0.098503,0.53231,11.575,-57.087,7.0283,0.059273,-0.47993,0.005479,0.87529,0.12256,-0.9924,0.011329,57.843,67.193,165.96,-794.69,0.04151,0.23836,-0.81764,-0.038756,0.23903,-0.79835,-0.0011194,0.23358,-0.85853,0.037571,0.22766,-0.89143
4151,0.52676,-0.070426,-0.84709,-0.045822,0.99276,-0.11103,0.84878,0.097301,0.51972,12.059,-57.897,7.6151,0.059751,-0.48639,0.0070567,0.87167,0.12192,-0.99244,0.014399,58.693,67.47,165.92,-796.21,0.041672,0.23833,-0.81897,-0.03834,0.23932,-0.79845,-0.0014936,0.23357,-0.85927,0.036637,0.22746,-0.89262
4154,0.50993,-0.07542,-0.8569,-0.045926,0.99234,-0.11467,0.85899,0.097828,0.50256,12.853,-58.971,8.4133,0.061294,-0.49494,0.0085074,0.86672,0.12288,-0.99227,0.017056,59.84,67.86,166.13,-798.12,0.041841,0.23846,-0.82089,-0.037743,0.23984,-0.79886,-0.0021842,0.23354,-0.86033,0.035331,0.22735,-0.89441
4156,0.49938,-0.080901,-0.8626,-0.04507,0.99186,-0.11912,0.86521,0.098361,0.49166,13.619,-59.61,9.2022,0.06296,-0.5002,0.010373,0.86355,0.12486,-0.99196,0.020571,60.564,68.049,166.3,-799.66,0.041816,0.23863,-0.82216,-0.037492,0.24009,-0.79919,-0.0026567,0.23374,-0.86096,0.034396,0.22699,-0.89566
4159,0.48506,-0.080546,-0.87076,-0.049712,0.9916,-0.11941,0.87307,0.10121,0.47698,14.055,-60.548,9.4281,0.064187,-0.50734,0.0089705,0.85931,0.1255,-0.99194,0.017539,61.522,68.27,166.58,-801.7,0.041525,0.23879,-0.82402,-0.037356,0.24018,-0.79972,-0.0035711,0.23367,-0.86209,0.032911,0.22716,-0.89723
4161,0.47555,-0.083475,-0.87572,-0.051482,0.99114,-0.12243,0.87818,0.10331,0.46704,14.689,-61.13,9.9559,0.065898,-0.51199,0.0093394,0.85641,0.12763,-0.99166,0.018089,62.169,68.342,166.72,-802.99,0.041286,0.23885,-0.82517,-0.03735,0.24023,-0.8,-0.0042481,0.23361,-0.86274,0.031814,0.22687,-0.8984
4164,0.46067,-0.084834,-0.88351,-0.048418,0.99154,-0.12045,0.88625,0.098266,0.45266,14.901,-62.069,10.434,0.064164,-0.51918,0.010683,0.85218,0.12263,-0.99224,0.020417,63.1,67.944,166.44,-805.24,0.040896,0.23874,-0.82687,-0.037322,0.24047,-0.80042,-0.0052124,0.2338,-0.8636,0.03038,0.22691,-0.89978
4168,0.44246,-0.086367,-0.89262,-0.051852,0.99122,-0.12161,0.89529,0.10009,0.4341,15.65,-63.204,11.045,0.065458,-0.52789,0.010191,0.84673,0.12303,-0.99222,0.019154,64.285,67.74,166.47,-807.51,0.040259,0.23864,-0.82904,-0.037439,0.24057,-0.80095,-0.0065189,0.23346,-0.86484,0.028275,0.22681,-0.90163
4170,0.42808,-0.086799,-0.89956,-0.059314,0.99053,-0.1238,0.90179,0.10635,0.41888,16.466,-64.101,11.462,0.068317,-0.53469,0.0081582,0.84224,0.12672,-0.99182,0.015133,65.245,67.862,167.17,-809.16,0.039576,0.23916,-0.83023,-0.037618,0.2406,-0.80088,-0.0078744,0.23369,-0.86527,0.026335,0.22689,-0.90273
4172,0.41585,-0.088469,-0.90512,-0.062871,0.99008,-0.12566,0.90726,0.10916,0.40616,17.191,-64.84,12.01,0.070015,-0.54039,0.0076325,0.83846,0.12848,-0.99161,0.014006,66.044,67.787,167.39,-810.05,0.039084,0.23926,-0.83096,-0.037693,0.24068,-0.80051,-0.0087665,0.23358,-0.86538,0.024898,0.22678,-0.90336
4175,0.39685,-0.084704,-0.91397,-0.061096,0.99109,-0.11838,0.91585,0.10282,0.38814,16.961,-66.059,12.049,0.06638,-0.54911,0.0070846,0.83308,0.12,-0.99269,0.012808,67.168,67.269,166.92,-812.36,0.038405,0.2391,-0.83197,-0.037769,0.24046,-0.79997,-0.010169,0.23394,-0.86533,0.022765,0.22699,-0.90405
4177,0.38457,-0.0779,-0.9198,-0.066235,0.99154,-0.11167,0.92072,0.10387,0.37616,16.534,-66.897,11.451,0.06496,-0.55471,0.0035156,0.8295,0.11631,-0.99319,0.0062946,67.906,67.313,167.02,-813.52,0.038008,0.23913,-0.83272,-0.03775,0.24029,-0.7997,-0.011006,0.23386,-0.86542,0.02135,0.22761,-0.90442
4179,0.37046,-0.081383,-0.92528,-0.066865,0.99123,-0.11396,0.92644,0.10409,0.36177,17.484,-67.71,12.39,0.066061,-0.56103,0.0043984,0.82515,0.11694,-0.99311,0.007786,68.793,67.275,167.14,-814.82,0.037712,0.23927,-0.83354,-0.037511,0.24045,-0.79938,-0.011786,0.23403,-0.86546,0.020006,0.22738,-0.90509
4182,0.353,-0.077341,-0.93242,-0.073979,0.99115,-0.11022,0.93269,0.10789,0.34416,17.758,-68.815,12.358,0.066512,-0.56877,0.001025,0.8198,0.11615,-0.99323,0.0017899,69.87,67.746,167.37,-816.49,0.03746,0.2394,-0.83442,-0.037032,0.24009,-0.79884,-0.012701,0.234,-0.86545,0.018281,0.22756,-0.90573
4185,0.33495,-0.073395,-0.93937,-0.077755,0.99141,-0.10519,0.93902,0.10827,0.32637,17.864,-69.946,12.359,0.06553,-0.57665,-0.0013387,0.81436,0.11291,-0.9936,-0.0023067,70.952,68.091,167.52,-818.03,0.037365,0.23953,-0.83528,-0.036429,0.24008,-0.79824,-0.013324,0.23409,-0.86537,0.016834,0.22801,-0.90612
4187,0.32148,-0.076224,-0.94384,-0.077457,0.9913,-0.10644,0.94374,0.10732,0.31278,18.793,-70.707,13.339,0.065962,-0.58246,-0.00038046,0.81018,0.11253,-0.99365,-0.00064905,71.773,67.963,167.44,-819.51,0.037091,0.23951,-0.83621,-0.03616,0.24011,-0.79813,-0.014067,0.23419,-0.86557,0.015511,0.2277,-0.90692
4190,0.30625,-0.076192,-0.9489,-0.078078,0.99142,-0.10481,0.94874,0.10618,0.29767,19.396,-71.604,13.971,0.065484,-0.58896,-0.00058515,0.8055,0.1105,-0.99388,-0.00098744,72.682,67.793,167.22,-821.45,0.03676,0.2393,-0.83786,-0.035901,0.24011,-0.7986,-0.014899,0.23396,-0.86645,0.014058,0.22766,-0.90813
4193,0.29651,-0.078158,-0.95183,-0.076315,0.99152,-0.10519,0.95198,0.10383,0.28803,20.063,-72.143,14.767,0.065115,-0.59308,0.00057429,0.8025,0.10913,-0.99403,0.00096253,73.26,67.594,166.94,-823.03,0.036591,0.2391,-0.8391,-0.035655,0.24008,-0.79912,-0.015355,0.23392,-0.86712,0.013072,0.22738,-0.90918
4197,0.27972,-0.076808,-0.957,-0.070425,0.99247,-0.10024,0.9575,0.095436,0.2722,20.216,-73.138,15.354,0.061336,-0.60011,0.0020006,0.79756,0.10168,-0.99481,0.0033165,74.205,66.886,166.21,-824.91,0.036197,0.23862,-0.84043,-0.03541,0.24016,-0.79923,-0.016166,0.23388,-0.86751,0.011633,0.22749,-0.90997
4200,0.26829,-0.077991,-0.96018,-0.064792,0.993,-0.098761,0.96116,0.088708,0.26136,20.701,-73.776,16.209,0.059016,-0.60485,0.0041553,0.79414,0.097109,-0.99525,0.0068374,74.851,66.341,165.62,-825.96,0.035955,0.2383,-0.8408,-0.035206,0.24012,-0.79876,-0.016725,0.23403,-0.86727,0.01063,0.22726,-0.91011
4206,0.25811,-0.071,-0.9635,-0.065142,0.99375,-0.090679,0.96392,0.086169,0.25187,19.8,-74.473,15.38,0.055883,-0.60905,0.0018511,0.79116,0.09137,-0.99581,0.0030266,75.412,66.73,165.14,-825.64,0.036247,0.23792,-0.8398,-0.034326,0.23957,-0.79708,-0.01676,0.23381,-0.86578,0.010017,0.2275,-0.90883
4239,0.2713,-0.073488,-0.95969,-0.055287,0.99424,-0.091764,0.96091,0.077954,0.26567,19.055,-73.676,15.156,0.053337,-0.60359,0.00572,0.79549,0.08802,-0.99607,0.0094395,74.597,65.204,164.48,-822.89,0.035546,0.23753,-0.83742,-0.03577,0.23977,-0.7956,-0.017164,0.23389,-0.86422,0.010185,0.22727,-0.90693
4246,0.27757,-0.07043,-0.95812,-0.052523,0.99471,-0.088335,0.95927,0.074843,0.27241,17.967,-73.359,14.237,0.051146,-0.60098,0.0056128,0.7976,0.084794,-0.99636,0.0093052,74.196,65.259,164.07,-821.99,0.035859,0.23725,-0.83639,-0.035721,0.23943,-0.7951,-0.016653,0.23385,-0.86346,0.011023,0.22728,-0.90606
4253,0.28568,-0.068154,-0.9559,-0.052775,0.99484,-0.086702,0.95687,0.075216,0.28061,17.17,-72.92,13.418,0.050588,-0.59761,0.0048049,0.80018,0.084347,-0.9964,0.0080114,73.706,65.212,164.21,-820.55,0.035873,0.23736,-0.8352,-0.03599,0.2395,-0.79454,-0.016401,0.23392,-0.86274,0.011576,0.2276,-0.90507
4265,0.30069,-0.06804,-0.95129,-0.050227,0.99494,-0.087038,0.9524,0.073952,0.29575,16.399,-72.044,12.75,0.050004,-0.59129,0.0055327,0.80489,0.084263,-0.9964,0.0093234,72.801,65.258,164.01,-819.25,0.036241,0.23719,-0.83437,-0.036202,0.23943,-0.79483,-0.015518,0.2338,-0.86276,0.013116,0.22751,-0.90467
4268,0.30871,-0.06563,-0.94889,-0.053252,0.99486,-0.086135,0.94966,0.077121,0.30363,15.838,-71.602,12.002,0.050554,-0.5879,0.0038331,0.80734,0.085672,-0.9963,0.0064959,72.326,65.505,164.25,-818.51,0.036338,0.23735,-0.83378,-0.036418,0.23926,-0.79484,-0.015223,0.2338,-0.86262,0.013799,0.22768,-0.90421
4276,0.32557,-0.068062,-0.94307,-0.055552,0.99431,-0.090938,0.94389,0.081995,0.31993,15.867,-70.573,11.808,0.053218,-0.58069,0.0038499,0.81237,0.091262,-0.99581,0.006602,71.343,66.574,164.84,-816.64,0.037387,0.23777,-0.83262,-0.036056,0.2395,-0.79496,-0.013744,0.23393,-0.86242,0.015911,0.22769,-0.90359
4278,0.32947,-0.064704,-0.94195,-0.049237,0.99511,-0.085577,0.94288,0.074573,0.32467,14.766,-70.381,11.111,0.049197,-0.579,0.0047513,0.81383,0.08466,-0.99638,0.0081763,71.057,66.523,164.22,-816.38,0.037863,0.2374,-0.83222,-0.035809,0.23944,-0.79487,-0.013123,0.23399,-0.86221,0.016737,0.22792,-0.90318
4284,0.34545,-0.063687,-0.93627,-0.044371,0.99547,-0.084085,0.93739,0.07059,0.34106,13.85,-69.435,10.446,0.047224,-0.57205,0.0058977,0.81884,0.082268,-0.99656,0.010274,70.063,67.036,163.95,-814.41,0.038883,0.23728,-0.83044,-0.035353,0.23942,-0.79437,-0.011504,0.23415,-0.86131,0.019054,0.22799,-0.90177
4289,0.36441,-0.065368,-0.92894,-0.046864,0.99498,-0.0884,0.93006,0.075748,0.35952,13.814,-68.27,10.17,0.049775,-0.5637,0.0056111,0.82446,0.087952,-0.99608,0.0099149,68.933,67.475,164.34,-812.14,0.039331,0.2375,-0.82894,-0.035633,0.2394,-0.79437,-0.010488,0.23406,-0.86083,0.020888,0.22783,-0.9008
4290,0.37297,-0.062554,-0.92573,-0.04557,0.99529,-0.085614,0.92672,0.074116,0.36836,13.084,-67.779,9.5211,0.048278,-0.5599,0.0051336,0.82714,0.085904,-0.99626,0.0091345,68.389,67.367,164.29,-811.63,0.039414,0.23752,-0.82842,-0.035852,0.23932,-0.7946,-0.010158,0.23424,-0.86074,0.021589,0.22808,-0.9004
4292,0.39412,-0.060679,-0.91706,-0.048144,0.99509,-0.086532,0.9178,0.078254,0.38926,12.533,-66.499,8.7527,0.04943,-0.55039,0.0037602,0.83344,0.089447,-0.99597,0.0068044,67.093,67.166,164.74,-809.9,0.039273,0.23785,-0.82736,-0.036692,0.23932,-0.79525,-0.0095321,0.23432,-0.86081,0.02306,0.22836,-0.89969
4295,0.41559,-0.060057,-0.90757,-0.041646,0.99551,-0.084947,0.9086,0.073099,0.41122,11.672,-65.172,8.223,0.047038,-0.54053,0.0054798,0.83999,0.08669,-0.99618,0.010099,65.722,65.893,164.6,-808.32,0.038727,0.23789,-0.82613,-0.038122,0.23957,-0.79575,-0.0091613,0.23471,-0.86071,0.024445,0.22864,-0.89879
4297,0.4286,-0.057344,-0.90167,-0.039742,0.99582,-0.082222,0.90262,0.071074,0.42453,10.961,-64.379,7.6207,0.045411,-0.53449,0.0052144,0.84394,0.084653,-0.99636,0.0097205,64.883,65.281,164.41,-807.66,0.038394,0.2378,-0.82548,-0.038826,0.23934,-0.79625,-0.0089786,0.23482,-0.86071,0.025198,0.22873,-0.89834
4299,0.44482,-0.058913,-0.89368,-0.036469,0.99582,-0.083798,0.89488,0.069866,0.44081,10.763,-63.339,7.5445,0.045262,-0.52683,0.006611,0.84874,0.085593,-0.99625,0.012502,63.85,64.306,164.49,-806.03,0.037949,0.23787,-0.82467,-0.039858,0.23976,-0.79683,-0.0087722,0.23486,-0.86074,0.026104,0.22889,-0.89772
4301,0.46504,-0.058067,-0.88338,-0.045483,0.99496,-0.089345,0.88412,0.081728,0.46006,10.99,-62.053,7.1173,0.050056,-0.51717,0.003682,0.85441,0.096335,-0.99532,0.0070862,62.611,64.003,165.55,-804.17,0.037196,0.23858,-0.82352,-0.041088,0.23958,-0.79744,-0.008762,0.23495,-0.86066,0.026847,0.22901,-0.89691
4304,0.48425,-0.0568,-0.87308,-0.046155,0.99484,-0.09032,0.87371,0.084035,0.47913,10.675,-60.819,6.6899,0.050686,-0.50781,0.0030944,0.85997,0.099319,-0.99504,0.0060635,61.373,62.972,165.77,-802.24,0.036469,0.2387,-0.8224,-0.04245,0.23965,-0.79797,-0.0086599,0.23486,-0.86059,0.027769,0.22923,-0.89597
4307,0.49966,-0.054082,-0.86453,-0.041333,0.99542,-0.086159,0.86524,0.078783,0.49513,9.8712,-59.829,6.1776,0.047692,-0.50016,0.0036864,0.86461,0.094922,-0.99546,0.007337,60.323,61.823,165.17,-801.31,0.035905,0.23829,-0.82152,-0.043441,0.23934,-0.79853,-0.008475,0.23482,-0.86043,0.028649,0.2292,-0.89514
4311,0.51631,-0.055045,-0.85463,-0.04085,0.99521,-0.088778,0.85543,0.080749,0.51159,9.8447,-58.719,6.0854,0.048751,-0.49176,0.0040821,0.86936,0.098648,-0.99509,0.0082602,59.232,60.981,165.35,-799.44,0.035399,0.23839,-0.82036,-0.044342,0.23945,-0.79892,-0.0082428,0.23477,-0.86014,0.029515,0.2292,-0.89411
4314,0.5351,-0.056302,-0.84291,-0.042925,0.99468,-0.093689,0.8437,0.086315,0.52983,10.028,-57.449,6.0065,0.051454,-0.48212,0.0038236,0.87459,0.10612,-0.99432,0.0078859,58.008,60.223,165.98,-797.27,0.034791,0.23884,-0.819,-0.04538,0.23962,-0.79931,-0.0079862,0.23489,-0.85973,0.030566,0.22929,-0.8929
4317,0.55156,-0.054685,-0.83234,-0.042699,0.99469,-0.093646,0.83304,0.087192,0.5463,9.7271,-56.34,5.6621,0.051416,-0.47351,0.0034077,0.87928,0.10795,-0.99413,0.0071545,56.888,59.477,166.05,-796.22,0.034221,0.23895,-0.81803,-0.046308,0.23933,-0.79994,-0.0078049,0.23509,-0.85957,0.031348,0.22927,-0.89204
4327,0.61127,-0.053688,-0.7896,-0.044021,0.99385,-0.10165,0.7902,0.096897,0.60514,9.5358,-52.148,5.0195,0.055408,-0.44086,0.0026978,0.89586,0.1247,-0.99218,0.0060714,52.762,56.156,167.1,-790.26,0.032257,0.23956,-0.81486,-0.049446,0.2398,-0.80264,-0.0064947,0.23492,-0.85942,0.034943,0.22989,-0.88868
4329,0.62754,-0.057385,-0.77647,-0.039315,0.99367,-0.10521,0.77759,0.096551,0.62131,9.6112,-50.938,5.2249,0.056024,-0.43152,0.0050177,0.90035,0.12874,-0.99161,0.01153,51.592,55.048,166.99,-788.83,0.031822,0.23946,-0.81406,-0.050107,0.23989,-0.80354,-0.0059695,0.23481,-0.85938,0.036108,0.22954,-0.88782
4332,0.64558,-0.051837,-0.76194,-0.039579,0.99408,-0.10117,0.76267,0.095467,0.6397,8.9866,-49.635,4.5908,0.054292,-0.42095,0.0033845,0.90545,0.12791,-0.99175,0.0079738,50.232,54.169,166.93,-787.75,0.0313,0.23948,-0.81307,-0.050828,0.23957,-0.80452,-0.0054952,0.235,-0.85923,0.037249,0.22991,-0.88664
4335,0.66283,-0.056745,-0.74662,-0.0324,0.99402,-0.10431,0.74807,0.093332,0.65703,9.0212,-48.298,4.8931,0.054286,-0.41054,0.0066866,0.9102,0.13107,-0.99124,0.016145,48.933,52.779,166.78,-786.48,0.030684,0.23943,-0.81219,-0.051655,0.23973,-0.80551,-0.0049588,0.23513,-0.85914,0.038458,0.22949,-0.88566
4338,0.68119,-0.055786,-0.72998,-0.032829,0.99376,-0.10658,0.73137,0.096565,0.6751,8.9713,-46.885,4.6819,0.055495,-0.39921,0.0062714,0.91516,0.13767,-0.99036,0.015558,47.544,51.486,167.2,-784.57,0.030006,0.23968,-0.81125,-0.052423,0.23998,-0.80659,-0.0044473,0.23508,-0.8591,0.039587,0.22985,-0.88444
4341,0.69968,-0.057889,-0.7121,-0.035431,0.99267,-0.11551,0.71357,0.10605,0.69251,9.4697,-45.406,4.7296,0.060213,-0.38745,0.0061034,0.9199,0.15355,-0.98802,0.015564,46.177,50.824,167.72,-782.75,0.029543,0.23989,-0.81041,-0.05302,0.23966,-0.80783,-0.003746,0.23476,-0.85916,0.04086,0.2294,-0.88351
4343,0.71662,-0.056106,-0.69521,-0.030734,0.99325,-0.11184,0.69679,0.10151,0.71006,8.951,-44.044,4.4767,0.057684,-0.37636,0.0068598,0.92465,0.15148,-0.9883,0.018014,44.768,49.702,167.52,-781.76,0.029196,0.23987,-0.80953,-0.053389,0.23973,-0.80901,-0.0029141,0.23507,-0.85895,0.042365,0.22967,-0.88215
4346,0.73335,-0.059988,-0.6772,-0.023492,0.99327,-0.11343,0.67945,0.099089,0.727,8.8677,-42.626,4.6764,0.057177,-0.36501,0.0098194,0.9292,0.1547,-0.9876,0.026568,43.381,48.361,167.37,-780.08,0.028885,0.23978,-0.80843,-0.053691,0.24004,-0.80989,-0.0019138,0.23505,-0.85864,0.043861,0.22946,-0.88078
4349,0.75145,-0.061086,-0.65695,-0.020862,0.99301,-0.1162,0.65946,0.10102,0.74492,8.8658,-41.068,4.6474,0.058142,-0.35236,0.010767,0.93399,0.16273,-0.98621,0.030135,41.867,47.252,167.48,-778.17,0.028452,0.23984,-0.80711,-0.054097,0.23998,-0.81083,-0.0010077,0.23504,-0.8581,0.045394,0.2293,-0.8791
4352,0.77165,-0.058373,-0.63337,-0.019091,0.99321,-0.1148,0.63576,0.10067,0.76529,8.5309,-39.299,4.326,0.05734,-0.33774,0.010454,0.93943,0.1673,-0.98543,0.030501,40.087,45.707,167.5,-775.9,0.027818,0.23985,-0.80544,-0.05449,0.24,-0.81168,3.4326e-05,0.23501,-0.85738,0.047055,0.2296,-0.87687
4355,0.7914,-0.056643,-0.60866,-0.018002,0.99311,-0.11583,0.61103,0.10262,0.78493,8.3942,-37.493,4.0938,0.057813,-0.32279,0.010226,0.94465,0.17621,-0.98386,0.031169,38.305,44.327,167.49,-773.57,0.027247,0.23977,-0.80376,-0.05487,0.23975,-0.81262,0.0010582,0.2348,-0.85664,0.048633,0.22956,-0.87468
4358,0.80794,-0.056382,-0.58656,-0.01221,0.9936,-0.11233,0.58914,0.097915,0.80208,7.9721,-35.913,3.9919,0.055376,-0.30967,0.011634,0.94916,0.17591,-0.98371,0.036959,36.697,42.806,167.18,-772.17,0.026609,0.23965,-0.80237,-0.055205,0.23974,-0.81351,0.0019603,0.23506,-0.85579,0.050088,0.22957,-0.87256
4361,0.82366,-0.05357,-0.56455,-0.012989,0.99349,-0.11322,0.56694,0.10059,0.81759,7.8842,-34.371,3.7212,0.056073,-0.29675,0.010643,0.95325,0.18556,-0.982,0.035219,35.178,41.379,167.35,-770.23,0.025906,0.23971,-0.80109,-0.05555,0.23966,-0.8144,0.0027365,0.23489,-0.85527,0.051249,0.22982,-0.87059
4364,0.8372,-0.055634,-0.54405,-0.010637,0.99297,-0.11791,0.54679,0.1045,0.83073,8.0782,-32.96,3.8018,0.05812,-0.28506,0.011759,0.95667,0.19961,-0.97904,0.040386,33.855,40.165,167.48,-768.6,0.02527,0.23972,-0.8,-0.055839,0.23944,-0.81529,0.0034027,0.23472,-0.85474,0.052267,0.22943,-0.8689
4367,0.84833,-0.052572,-0.52686,-0.0086276,0.99355,-0.11303,0.5294,0.10043,0.84241,7.6423,-31.793,3.5462,0.055607,-0.27515,0.011447,0.95972,0.19793,-0.97937,0.040746,32.633,39.099,167.24,-767.68,0.024782,0.23965,-0.79897,-0.056045,0.23936,-0.81601,0.0039829,0.23495,-0.85412,0.053157,0.22968,-0.86732
4370,0.85855,-0.051636,-0.51012,-0.0061799,0.9938,-0.111,0.51269,0.09845,0.85291,7.4148,-30.672,3.4418,0.054405,-0.26568,0.011807,0.96245,0.20043,-0.97874,0.043498,31.501,37.736,167.07,-766.59,0.024253,0.23951,-0.79818,-0.056225,0.23946,-0.81679,0.0046467,0.23486,-0.85362,0.054099,0.22985,-0.86569
4372,0.86686,-0.054783,-0.49554,-0.0030118,0.99335,-0.11509,0.49855,0.10125,0.86093,7.6139,-29.705,3.6161,0.056075,-0.25767,0.013419,0.96451,0.21237,-0.97587,0.050822,30.62,36.969,167.17,-765.52,0.024045,0.2395,-0.79757,-0.056065,0.23943,-0.81746,0.0054002,0.23467,-0.85338,0.054973,0.22948,-0.86467
4375,0.87668,-0.053088,-0.47814,-0.00060994,0.99377,-0.11146,0.48107,0.098004,0.87119,7.2907,-28.564,3.4653,0.054143,-0.24794,0.013565,0.96717,0.21304,-0.97559,0.053374,29.446,36.416,166.82,-764.76,0.024132,0.23929,-0.79678,-0.055579,0.23928,-0.81832,0.0065592,0.23467,-0.85298,0.056408,0.2295,-0.86319
4378,0.8855,-0.056592,-0.46119,0.0026299,0.99315,-0.11682,0.46464,0.10223,0.87958,7.5654,-27.464,3.6568,0.056497,-0.23879,0.015274,0.96931,0.2298,-0.97125,0.062128,28.464,35.825,167.03,-763.19,0.024426,0.23928,-0.79598,-0.05487,0.23941,-0.81901,0.0079615,0.23429,-0.85253,0.057933,0.22924,-0.86168
4383,0.89676,-0.059682,-0.43848,0.010066,0.99336,-0.11462,0.44241,0.098372,0.8914,7.3271,-26.007,3.8076,0.054764,-0.22649,0.017934,0.97231,0.23433,-0.96912,0.076734,27.031,35.369,166.54,-762.11,0.024778,0.23898,-0.79476,-0.053936,0.23923,-0.8198,0.0097325,0.23432,-0.85172,0.059895,0.22868,-0.85976
4387,0.90483,-0.055245,-0.42216,0.008197,0.99362,-0.11246,0.42568,0.098296,0.89952,7.1262,-24.971,3.4939,0.054072,-0.21753,0.016277,0.97442,0.2406,-0.96792,0.072427,25.975,34.817,166.54,-760.85,0.024778,0.23896,-0.79372,-0.053402,0.23913,-0.82022,0.010767,0.23428,-0.85087,0.061115,0.22909,-0.85788
4392,0.91273,-0.057753,-0.40446,0.013472,0.99367,-0.11148,0.40834,0.096307,0.90774,7.0018,-23.857,3.6205,0.053198,-0.20809,0.018235,0.97649,0.2468,-0.96537,0.084595,24.896,33.841,166.32,-759.51,0.024406,0.23886,-0.79233,-0.053263,0.23908,-0.82035,0.011477,0.23436,-0.84975,0.061987,0.22874,-0.85598
4395,0.91971,-0.054376,-0.38881,0.013335,0.99412,-0.10749,0.39237,0.09367,0.91502,6.6997,-22.881,3.3835,0.051401,-0.19961,0.017302,0.97837,0.24849,-0.96502,0.083644,23.876,32.937,166.06,-758.14,0.024171,0.23865,-0.79101,-0.052981,0.23903,-0.82032,0.012349,0.23425,-0.84861,0.062956,0.22902,-0.85382
4398,0.92751,-0.056053,-0.36956,0.019635,0.99463,-0.10158,0.37327,0.086963,0.92364,6.2762,-21.689,3.4584,0.048072,-0.1894,0.019298,0.98053,0.24483,-0.96457,0.098281,22.647,31.949,165.58,-756.77,0.024176,0.23838,-0.78941,-0.052331,0.23925,-0.82032,0.013583,0.23434,-0.84725,0.064288,0.22895,-0.8514
4401,0.9368,-0.04986,-0.34629,0.015288,0.99468,-0.10186,0.34952,0.090129,0.93258,6.2333,-20.26,3.0466,0.048834,-0.17699,0.016571,0.98286,0.26491,-0.96008,0.08989,21.246,31.436,165.46,-754.96,0.024094,0.23817,-0.78791,-0.051655,0.23856,-0.8208,0.014884,0.23398,-0.84613,0.065684,0.22902,-0.849
4404,0.94777,-0.052092,-0.31466,0.021204,0.99468,-0.1008,0.31824,0.088865,0.94384,6.0961,-18.341,3.146,0.048105,-0.16052,0.01859,0.98568,0.28531,-0.95207,0.11026,19.413,29.745,165.38,-753.72,0.023449,0.23817,-0.78673,-0.051106,0.23859,-0.82208,0.016221,0.23412,-0.84513,0.067125,0.2288,-0.84642
4407,0.95467,-0.04748,-0.29385,0.018598,0.99478,-0.10032,0.29708,0.090304,0.95057,6.0243,-17.089,2.8473,0.048262,-0.14961,0.01673,0.98742,0.30528,-0.94637,0.10582,18.192,28.452,165.51,-753.23,0.022756,0.23822,-0.78649,-0.051027,0.23847,-0.82343,0.016898,0.23405,-0.84504,0.06781,0.22923,-0.84498
4410,0.96112,-0.045451,-0.27237,0.018251,0.99466,-0.10158,0.27553,0.092657,0.95682,6.0599,-15.805,2.7075,0.049098,-0.1385,0.016102,0.98901,0.33215,-0.93692,0.10893,17.001,26.885,165.55,-752.67,0.022085,0.23813,-0.78635,-0.050829,0.23837,-0.82495,0.017538,0.23372,-0.84508,0.068383,0.22934,-0.84383
4413,0.96727,-0.048574,-0.24906,0.024628,0.99484,-0.098375,0.25255,0.089022,0.96348,5.8299,-14.422,2.8748,0.047291,-0.12659,0.018473,0.99066,0.34674,-0.92813,0.13545,15.678,25.657,165.42,-752.75,0.021442,0.23821,-0.78608,-0.05049,0.23847,-0.8264,0.018306,0.23417,-0.84477,0.069125,0.22911,-0.84243
4416,0.97377,-0.045114,-0.22301,0.02261,0.99448,-0.10245,0.22641,0.094724,0.96942,6.033,-12.886,2.6526,0.049683,-0.11324,0.017065,0.99218,0.398,-0.90714,0.1367,14.342,24.023,165.77,-751.65,0.020813,0.23831,-0.78564,-0.050066,0.23835,-0.8279,0.019277,0.23381,-0.8445,0.070064,0.2294,-0.84069
4419,0.97968,-0.043844,-0.19572,0.023962,0.99441,-0.10282,0.19913,0.09604,0.97526,6.0184,-11.287,2.5625,0.050033,-0.099344,0.01706,0.99365,0.44461,-0.8828,0.1516,12.923,22.715,165.65,-751.08,0.020238,0.23816,-0.78518,-0.049417,0.23797,-0.8294,0.020312,0.23364,-0.8441,0.070928,0.22921,-0.83888
4421,0.98521,-0.04183,-0.16617,0.025859,0.99494,-0.097133,0.1694,0.091399,0.9813,5.653,-9.5654,2.4312,0.047362,-0.084299,0.017004,0.99517,0.48241,-0.85865,0.1732,11.268,21.348,165.22,-751.03,0.019544,0.23794,-0.78473,-0.04877,0.23773,-0.83099,0.021467,0.23381,-0.84341,0.07194,0.2292,-0.83674
4424,0.99027,-0.040031,-0.1333,0.026687,0.99459,-0.10043,0.1366,0.095895,0.98597,5.816,-7.6606,2.3149,0.049261,-0.067724,0.016741,0.99635,0.57682,-0.79301,0.19602,9.7983,18.925,165.47,-749.89,0.018622,0.23796,-0.78412,-0.048053,0.23775,-0.83262,0.022496,0.23339,-0.84283,0.07272,0.2294,-0.83434
4426,0.99453,-0.035732,-0.098121,0.026246,0.995,-0.096318,0.10107,0.093216,0.9905,5.554,-5.631,2.0576,0.047502,-0.049923,0.015533,0.9975,0.67245,-0.70672,0.21989,8.1015,17.087,165.05,-749.7,0.017486,0.23768,-0.78364,-0.047418,0.23722,-0.83445,0.023462,0.2334,-0.84211,0.073284,0.2294,-0.8319
4428,0.99622,-0.034772,-0.079579,0.027098,0.99505,-0.095562,0.082509,0.093044,0.99224,5.5011,-4.5644,1.9991,0.047249,-0.040606,0.0155,0.99794,0.73597,-0.6325,0.24143,7.3617,15.897,164.96,-749.54,0.016851,0.23761,-0.78344,-0.047109,0.2371,-0.83545,0.023926,0.23335,-0.84177,0.073543,0.2294,-0.83057
4429,0.99761,-0.033602,-0.060437,0.027432,0.99459,-0.10017,0.063476,0.098268,0.99313,5.7593,-3.4649,1.9291,0.0497,-0.031035,0.015287,0.99816,0.82073,-0.51251,0.25244,6.9433,14.793,165.3,-748.95,0.016192,0.23778,-0.78317,-0.046785,0.23685,-0.83641,0.024389,0.23326,-0.8414,0.073843,0.22936,-0.82933
4431,0.9987,-0.029317,-0.041711,0.02493,0.99446,-0.10208,0.044473,0.1009,0.9939,5.8639,-2.3906,1.6815,0.050828,-0.021581,0.013584,0.99838,0.89382,-0.37951,0.23887,6.5199,13.518,165.36,-748.48,0.015554,0.23772,-0.78292,-0.046406,0.23658,-0.83737,0.024829,0.233,-0.84104,0.074081,0.2296,-0.8279
4432,0.99936,-0.027249,-0.023083,0.024984,0.99533,-0.093286,0.025517,0.09265,0.99537,5.3541,-1.3227,1.5619,0.046542,-0.012165,0.013074,0.99876,0.93363,-0.24403,0.26227,5.7148,12.703,164.68,-749.05,0.014893,0.23738,-0.78276,-0.045993,0.23636,-0.83829,0.025268,0.23329,-0.8405,0.074295,0.22958,-0.82648
