frames,r11,r21,r31,r12,r22,r32,r13,r23,r33,roll,pitch,yaw,q1,q2,q3,q4,u1,u2,u3,angle,Sx,Sy,Sz,M1x,M1y,M1z,M2x,M2y,M2z,M3x,M3y,M3z,M4x,M4y,M4z
6153,0.9995,0.031447,0.0045373,-0.031502,0.99943,0.01238,-0.0041454,-0.012517,0.99991,-0.70935,0.25997,-1.8021,-0.0062251,0.002171,-0.01574,0.99985,-0.3648,0.12722,-0.92235,1.9555,4.691,137.6,-492.04,0.0032734,0.22895,-0.52937,-0.052422,0.23337,-0.5902,-0.013095,0.23474,-0.60094,0.06414,0.2253,-0.56887
6163,0.99953,0.024328,0.018869,-0.024379,0.9997,0.0024664,-0.018804,-0.0029253,0.99982,-0.14134,1.0812,-1.3943,-0.0013481,0.0094194,-0.012178,0.99988,-0.087228,0.60948,-0.78799,1.771,4.9481,139.53,-494.92,0.004737,0.23053,-0.53312,-0.050027,0.23477,-0.59481,-0.010551,0.23576,-0.60494,0.066165,0.22607,-0.57163
6167,0.99917,0.018388,0.036267,-0.018437,0.99983,0.0010254,-0.036242,-0.0016932,0.99934,-0.05879,2.0784,-1.0543,-0.0006798,0.018131,-0.0092083,0.99979,-0.033411,0.8911,-0.45257,2.3317,3.19,140.06,-494.43,0.0044477,0.23096,-0.53285,-0.049174,0.23552,-0.59542,-0.0095255,0.23613,-0.60495,0.066526,0.22621,-0.57037
6171,0.99842,0.016767,0.053548,-0.017131,0.99983,0.0063613,-0.053432,-0.0072687,0.99855,-0.365,3.0695,-0.96208,-0.0034089,0.026756,-0.0084778,0.9996,-0.12057,0.94633,-0.29986,3.2403,1.7675,139.48,-494.32,0.0035435,0.23065,-0.53208,-0.048977,0.23557,-0.59552,-0.0091629,0.2363,-0.6043,0.066253,0.2259,-0.56851
6181,0.99963,0.024567,-0.011329,-0.024375,0.99956,0.016767,0.011736,-0.016484,0.9998,-0.96076,-0.64914,-1.4078,-0.0083137,-0.0057671,-0.012237,0.99987,-0.52359,-0.36321,-0.77067,1.8196,4.9684,138.75,-491.4,0.0036608,0.23024,-0.52839,-0.052953,0.2353,-0.58826,-0.013754,0.2364,-0.59961,0.063924,0.22637,-0.56885
6182,0.9991,0.028225,-0.03167,-0.027685,0.99947,0.017354,0.032143,-0.016462,0.99935,-0.99487,-1.8148,-1.6182,-0.0084562,-0.015957,-0.013981,0.99974,-0.37025,-0.69868,-0.61217,2.6174,6.4458,138.69,-490.83,0.0040896,0.23017,-0.52779,-0.053703,0.23504,-0.58649,-0.014864,0.23627,-0.59869,0.063541,0.22653,-0.56952
6183,0.9979,0.03301,-0.055724,-0.031854,0.99926,0.021497,0.056392,-0.019677,0.99821,-1.2337,-3.1944,-1.8946,-0.010299,-0.028045,-0.016225,0.99942,-0.30294,-0.8249,-0.47724,3.8966,8.7189,138.42,-490.79,0.004635,0.2301,-0.52712,-0.054657,0.23477,-0.58444,-0.016007,0.23644,-0.59748,0.063049,0.22669,-0.5703
6184,0.99589,0.038512,-0.081995,-0.036315,0.99894,0.02812,0.082991,-0.025026,0.99624,-1.6168,-4.7032,-2.2146,-0.013301,-0.041293,-0.018728,0.99888,-0.2815,-0.87388,-0.39634,5.4167,10.158,138.1,-490.3,0.0052652,0.22983,-0.52638,-0.055529,0.2347,-0.58206,-0.017313,0.23632,-0.59619,0.062451,0.22727,-0.57095
6185,0.99308,0.044527,-0.1087,-0.040998,0.99856,0.034493,0.11008,-0.029798,0.99348,-1.9885,-6.2405,-2.5673,-0.016103,-0.054798,-0.021421,0.99814,-0.26398,-0.89833,-0.35117,6.9944,12.718,137.83,-490.39,0.0058909,0.22981,-0.52551,-0.056394,0.2345,-0.57948,-0.018555,0.23665,-0.59456,0.061893,0.22758,-0.5717
6186,0.98933,0.049238,-0.13713,-0.044607,0.99833,0.036643,0.13871,-0.030135,0.98988,-2.12,-7.8818,-2.8492,-0.016742,-0.069153,-0.023527,0.99719,-0.2234,-0.92278,-0.31395,8.5956,14.464,137.88,-489.46,0.0065782,0.22979,-0.52455,-0.057287,0.23434,-0.57673,-0.019912,0.23648,-0.59293,0.061297,0.22804,-0.57237
6187,0.98439,0.056826,-0.16655,-0.04948,0.99762,0.047932,0.16888,-0.038943,0.98487,-2.7863,-9.5874,-3.3039,-0.021809,-0.084207,-0.026687,0.99585,-0.2397,-0.92548,-0.29331,10.441,16.862,137.2,-489.78,0.0073552,0.2294,-0.52369,-0.058086,0.23406,-0.57384,-0.021203,0.23659,-0.59115,0.060548,0.22846,-0.57303
6188,0.97853,0.063264,-0.19616,-0.054745,0.99732,0.048556,0.19871,-0.036774,0.97937,-2.8383,-11.313,-3.6992,-0.021453,-0.099276,-0.029669,0.99439,-0.20274,-0.93823,-0.28039,12.148,19.378,137.32,-489.19,0.0080679,0.22944,-0.52274,-0.058893,0.23356,-0.57095,-0.022619,0.23642,-0.58935,0.059729,0.22873,-0.57379
6189,0.97158,0.071802,-0.22558,-0.06043,0.99655,0.056928,0.22889,-0.041678,0.97256,-3.35,-13.037,-4.2266,-0.024837,-0.11447,-0.033306,0.99256,-0.20395,-0.94,-0.2735,13.989,21.943,137.09,-489.42,0.0087742,0.22938,-0.52184,-0.059651,0.23326,-0.56793,-0.023942,0.2366,-0.58737,0.058922,0.22928,-0.57445
6190,0.96365,0.07966,-0.25503,-0.064718,0.99569,0.066468,0.25922,-0.047547,0.96465,-3.9417,-14.775,-4.7256,-0.028779,-0.1298,-0.036442,0.99045,-0.20876,-0.94156,-0.26435,15.848,23.702,136.58,-489.18,0.0096154,0.22891,-0.52107,-0.060232,0.23292,-0.56496,-0.025157,0.23624,-0.58552,0.058064,0.22988,-0.57498
6191,0.95539,0.08469,-0.28293,-0.068192,0.99537,0.067679,0.28736,-0.045367,0.95675,-4.0463,-16.435,-5.0657,-0.028594,-0.14425,-0.03867,0.98837,-0.18805,-0.94866,-0.25432,17.492,26.361,136.67,-489.13,0.010397,0.22898,-0.5202,-0.060697,0.23242,-0.56207,-0.026297,0.2362,-0.58361,0.057257,0.22992,-0.57569
6192,0.94596,0.094573,-0.31018,-0.075292,0.99444,0.073584,0.31541,-0.046254,0.94783,-4.4392,-18.07,-5.7092,-0.030387,-0.15863,-0.043072,0.98593,-0.18179,-0.94898,-0.25767,19.245,29.009,136.52,-489.4,0.011222,0.22881,-0.51953,-0.061081,0.23171,-0.5593,-0.027369,0.23595,-0.58185,0.056444,0.23033,-0.57637
6193,0.93515,0.1061,-0.33798,-0.082147,0.99304,0.084445,0.34459,-0.051204,0.93736,-5.1478,-19.754,-6.473,-0.034497,-0.17359,-0.047873,0.98305,-0.18816,-0.94679,-0.26112,21.129,31.747,136.13,-490.35,0.012116,0.22851,-0.51903,-0.06144,0.23103,-0.55659,-0.028402,0.23583,-0.58005,0.055525,0.23088,-0.57705
6194,0.92422,0.10661,-0.36667,-0.082939,0.99336,0.079768,0.37273,-0.043312,0.92693,-4.9185,-21.51,-6.5801,-0.031386,-0.18855,-0.048336,0.98037,-0.15919,-0.95632,-0.24516,22.742,33.66,136.46,-489.72,0.012948,0.22854,-0.51856,-0.061691,0.23059,-0.5539,-0.029439,0.23527,-0.57839,0.054607,0.23069,-0.57801
6195,0.91209,0.11809,-0.39262,-0.089519,0.99188,0.09038,0.4001,-0.047288,0.91525,-5.6396,-23.118,-7.3774,-0.035222,-0.20282,-0.053117,0.97714,-0.16568,-0.954,-0.24985,24.549,36.215,136.28,-490.79,0.013773,0.2284,-0.51817,-0.061873,0.23002,-0.55128,-0.030349,0.23524,-0.57665,0.053675,0.23137,-0.57874
6196,0.89933,0.12226,-0.41982,-0.091746,0.99151,0.092198,0.42753,-0.0444,0.90291,-5.8304,-24.823,-7.7413,-0.035065,-0.21752,-0.054935,0.97388,-0.15442,-0.95793,-0.24193,26.25,38.107,136.27,-490.71,0.014676,0.22822,-0.51786,-0.061964,0.22954,-0.5487,-0.031297,0.23469,-0.5751,0.05269,0.23151,-0.5796
6197,0.88604,0.12689,-0.44591,-0.096096,0.99119,0.091108,0.45354,-0.037875,0.89043,-5.8421,-26.481,-8.1498,-0.033225,-0.23169,-0.057439,0.97052,-0.13786,-0.96135,-0.23833,27.892,40.586,136.67,-490.97,0.015592,0.22837,-0.51758,-0.061904,0.22898,-0.54621,-0.03202,0.23434,-0.57347,0.051773,0.23159,-0.5805
6198,0.87149,0.13833,-0.47049,-0.099185,0.98928,0.10714,0.48027,-0.046701,0.87587,-6.9737,-28.066,-9.019,-0.039791,-0.24593,-0.061435,0.96652,-0.15508,-0.95845,-0.23943,29.735,42.8,136.01,-492.67,0.016617,0.22787,-0.51751,-0.06171,0.22842,-0.54379,-0.032635,0.23422,-0.57182,0.050908,0.23224,-0.58125
6199,0.85718,0.13754,-0.49632,-0.10361,0.99003,0.095415,0.50449,-0.030363,0.86288,-6.3099,-29.757,-9.1159,-0.03265,-0.25979,-0.062599,0.96308,-0.12128,-0.965,-0.23252,31.235,45.384,137.11,-492.21,0.017618,0.22844,-0.51729,-0.061391,0.22795,-0.54142,-0.033221,0.23373,-0.57036,0.050074,0.23196,-0.58227
6200,0.84113,0.14475,-0.5211,-0.10269,0.98874,0.10889,0.531,-0.038083,0.84652,-7.3301,-31.406,-9.7643,-0.038327,-0.27436,-0.064524,0.95869,-0.13475,-0.96456,-0.22685,33.05,47.208,136.36,-493.74,0.018737,0.22784,-0.51742,-0.060977,0.22752,-0.53909,-0.033713,0.23345,-0.56884,0.049224,0.23229,-0.58313
6201,0.82459,0.1514,-0.54509,-0.11108,0.9881,0.1064,0.55471,-0.027188,0.8316,-7.2911,-33.031,-10.404,-0.034989,-0.28806,-0.068747,0.9545,-0.11733,-0.96596,-0.23053,34.7,50.005,137.39,-493.96,0.019854,0.2284,-0.51738,-0.060413,0.22707,-0.53682,-0.034083,0.23311,-0.56733,0.048387,0.23285,-0.58402
6202,0.80688,0.15549,-0.56989,-0.10995,0.98741,0.11373,0.5804,-0.02911,0.81381,-7.9557,-34.743,-10.907,-0.0376,-0.30279,-0.069869,0.94975,-0.12012,-0.96734,-0.22321,36.482,52.353,136.91,-495.83,0.021139,0.22796,-0.51766,-0.059674,0.22644,-0.53459,-0.034301,0.2328,-0.56588,0.047595,0.23262,-0.58512
6203,0.788,0.16134,-0.59416,-0.11722,0.98672,0.11247,0.60441,-0.018983,0.79645,-8.038,-36.453,-11.571,-0.034781,-0.31712,-0.073701,0.94488,-0.10623,-0.96853,-0.22509,38.225,55.431,137.81,-496.57,0.022563,0.22842,-0.51779,-0.058738,0.22592,-0.53233,-0.034338,0.23245,-0.5644,0.046932,0.23299,-0.58609
6204,0.76796,0.16742,-0.61822,-0.12056,0.98576,0.1172,0.62905,-0.015475,0.77721,-8.5754,-38.187,-12.299,-0.035303,-0.33188,-0.076628,0.93954,-0.10309,-0.96917,-0.22377,40.051,58.158,138.05,-497.6,0.024175,0.22843,-0.51805,-0.057502,0.22547,-0.53006,-0.034205,0.23202,-0.56285,0.046392,0.23339,-0.58697
6205,0.74729,0.17374,-0.64138,-0.12056,0.98464,0.12626,0.65347,-0.017031,0.75676,-9.4724,-39.895,-13.089,-0.038359,-0.34663,-0.078783,0.9339,-0.10729,-0.9695,-0.22035,41.897,60.926,137.78,-499.53,0.025959,0.22812,-0.5184,-0.05604,0.2249,-0.52781,-0.03378,0.23172,-0.56131,0.046024,0.23353,-0.58791
6206,0.72611,0.17618,-0.66462,-0.12179,0.98429,0.12786,0.67671,-0.011899,0.73616,-9.8535,-41.654,-13.639,-0.037642,-0.36126,-0.080252,0.92824,-0.1012,-0.97119,-0.21575,43.675,63.927,138.01,-500.45,0.028002,0.22811,-0.51867,-0.054234,0.2245,-0.52551,-0.033043,0.23125,-0.55973,0.045851,0.23358,-0.58879
6207,0.70424,0.18206,-0.68622,-0.12141,0.98321,0.13626,0.69951,-0.012648,0.71451,-10.797,-43.332,-14.495,-0.040367,-0.37565,-0.082266,0.92222,-0.1044,-0.97151,-0.21276,45.495,67.189,138.01,-502.57,0.030283,0.22807,-0.51894,-0.052113,0.2241,-0.52323,-0.032042,0.23121,-0.55801,0.045915,0.2338,-0.58953
6208,0.68215,0.184,-0.70769,-0.12038,0.98288,0.13952,0.72124,-0.0099835,0.69261,-11.389,-45.047,-15.096,-0.040795,-0.38991,-0.083055,0.91619,-0.1018,-0.97298,-0.20726,47.249,70.319,137.98,-503.57,0.032748,0.22789,-0.51925,-0.049727,0.22375,-0.52098,-0.030749,0.23073,-0.55641,0.046156,0.23381,-0.59029
6209,0.65997,0.1892,-0.72708,-0.11786,0.98186,0.14852,0.74199,-0.012326,0.6703,-12.493,-46.642,-15.997,-0.04419,-0.4036,-0.084361,0.90996,-0.10656,-0.97327,-0.20343,48.999,73.701,137.77,-505.99,0.035385,0.22771,-0.51956,-0.047103,0.2233,-0.51881,-0.029224,0.23072,-0.55476,0.046606,0.23385,-0.59097
6210,0.63796,0.18965,-0.74635,-0.11788,0.98183,0.14872,0.76099,-0.006897,0.64873,-12.912,-48.275,-16.556,-0.043039,-0.41687,-0.085053,0.90395,-0.10064,-0.97484,-0.19889,50.635,77.365,137.96,-507.57,0.038168,0.2277,-0.51984,-0.044217,0.22282,-0.51672,-0.027431,0.23041,-0.55315,0.047242,0.23347,-0.59169
6211,0.61536,0.19311,-0.76423,-0.12087,0.98118,0.15061,0.77893,-0.00030656,0.62712,-13.504,-49.838,-17.423,-0.042027,-0.42974,-0.087438,0.89773,-0.095396,-0.97545,-0.19847,52.278,81.287,138.46,-508.62,0.041144,0.22789,-0.52008,-0.041087,0.22246,-0.51466,-0.025411,0.23003,-0.55152,0.04811,0.23368,-0.59218
6212,0.59356,0.19348,-0.78118,-0.11119,0.98108,0.1585,0.79707,-0.0072216,0.60384,-14.708,-51.369,-18.054,-0.046478,-0.44263,-0.085445,0.89142,-0.10256,-0.9767,-0.18854,53.897,84.182,137.46,-510.37,0.044227,0.22714,-0.5205,-0.037837,0.22216,-0.51264,-0.023183,0.22972,-0.55,0.049155,0.23333,-0.59271
6213,0.57133,0.19809,-0.79646,-0.10857,0.98015,0.1659,0.81351,-0.0083114,0.58149,-15.923,-52.793,-19.122,-0.049211,-0.45479,-0.086626,0.88501,-0.1057,-0.97684,-0.18606,55.494,87.835,137.03,-512.48,0.047428,0.22668,-0.52094,-0.034367,0.22147,-0.51085,-0.020766,0.22929,-0.54854,0.050344,0.23313,-0.59322
6214,0.54973,0.19739,-0.81169,-0.10645,0.98031,0.1663,0.82853,-0.0050202,0.55992,-16.542,-54.261,-19.751,-0.048731,-0.46655,-0.086423,0.87891,-0.10217,-0.97813,-0.18119,56.977,91.532,137.19,-513.99,0.050682,0.22673,-0.52135,-0.030843,0.2213,-0.50911,-0.018233,0.22917,-0.54712,0.051648,0.23291,-0.59378
6215,0.53006,0.20408,-0.82304,-0.096969,0.97883,0.18026,0.8424,-0.015736,0.53862,-18.503,-55.39,-21.057,-0.056135,-0.47701,-0.086224,0.87286,-0.11504,-0.97752,-0.1767,58.416,94.471,136.03,-516.63,0.053925,0.22586,-0.5219,-0.027327,0.22069,-0.50765,-0.01567,0.22895,-0.54591,0.053094,0.23286,-0.59413
6216,0.5132,0.19898,-0.83489,-0.090701,0.97988,0.17778,0.85346,-0.01551,0.52092,-18.844,-56.604,-21.192,-0.055668,-0.48625,-0.083428,0.86804,-0.11212,-0.97938,-0.16804,59.536,97.391,135.64,-517.35,0.056972,0.22555,-0.52223,-0.023904,0.22068,-0.50627,-0.013044,0.2287,-0.54479,0.05466,0.23226,-0.59457
6217,0.49671,0.20421,-0.84355,-0.08575,0.97872,0.18644,0.86367,-0.020273,0.50365,-20.313,-57.517,-22.349,-0.059882,-0.49456,-0.083997,0.863,-0.11853,-0.97893,-0.16626,60.69,100.44,135.07,-519.73,0.060046,0.22507,-0.52283,-0.020547,0.22011,-0.50529,-0.010441,0.22854,-0.54397,0.056292,0.23216,-0.59504
6218,0.48243,0.20444,-0.85175,-0.08368,0.97869,0.18751,0.87193,-0.019187,0.48925,-20.97,-58.402,-22.966,-0.060169,-0.50175,-0.083869,0.85883,-0.11746,-0.97949,-0.16373,61.629,103.48,134.92,-520.61,0.062946,0.22487,-0.52337,-0.017307,0.2199,-0.50449,-0.0078759,0.2282,-0.54334,0.057939,0.23205,-0.59552
6220,0.4667,0.19826,-0.86191,-0.070141,0.97978,0.1874,0.88163,-0.027003,0.47117,-21.689,-59.531,-23.017,-0.062759,-0.51037,-0.078567,0.85406,-0.12065,-0.98114,-0.15104,62.689,107.89,133.8,-521.84,0.068202,0.22413,-0.52417,-0.011689,0.22004,-0.50361,-0.0029746,0.22808,-0.54268,0.061761,0.23134,-0.59627
6222,0.45881,0.19572,-0.86671,-0.053613,0.97976,0.19286,0.88691,-0.042021,0.46002,-22.746,-60.079,-23.102,-0.068981,-0.51501,-0.073224,0.85126,-0.13146,-0.98145,-0.13954,63.302,111.08,132.61,-524.19,0.072676,0.22352,-0.52557,-0.0070218,0.22047,-0.50403,0.0013233,0.22859,-0.54318,0.065511,0.23115,-0.59748
6226,0.45983,0.18701,-0.86809,-0.04151,0.98103,0.18935,0.88703,-0.051033,0.45887,-22.423,-60.238,-22.131,-0.070581,-0.51535,-0.067098,0.85143,-0.13458,-0.98261,-0.12793,63.265,114.35,131.96,-526.13,0.07705,0.22332,-0.52765,-0.0026795,0.22129,-0.50599,0.005717,0.22922,-0.54518,0.069867,0.23073,-0.59957
6229,0.46673,0.18181,-0.86551,-0.041641,0.98207,0.18384,0.88342,-0.049763,0.46594,-21.532,-59.941,-21.283,-0.068414,-0.5122,-0.065441,0.85363,-0.13134,-0.98334,-0.12564,62.782,114.8,132.42,-526.36,0.077635,0.22382,-0.52882,-0.0022894,0.22204,-0.50775,0.0064206,0.22968,-0.54692,0.070953,0.23092,-0.60084
6232,0.47603,0.17874,-0.86108,-0.042929,0.98268,0.18025,0.87838,-0.048841,0.47546,-20.763,-59.438,-20.581,-0.066872,-0.50774,-0.064705,0.85647,-0.12955,-0.98362,-0.12535,62.155,114.33,132.94,-526.98,0.077253,0.22436,-0.52988,-0.0028564,0.22264,-0.50967,0.0062461,0.23026,-0.54875,0.071344,0.23114,-0.60199
6234,0.48279,0.17496,-0.85808,-0.04356,0.98342,0.17601,0.87465,-0.047597,0.48241,-20.044,-59.102,-19.92,-0.065109,-0.50453,-0.063628,0.85858,-0.127,-0.98411,-0.12411,61.685,113.63,133.23,-526.22,0.076649,0.22466,-0.53012,-0.0036409,0.22316,-0.5105,0.005805,0.23046,-0.54957,0.071346,0.23129,-0.60229
6236,0.49018,0.17134,-0.85461,-0.045845,0.9842,0.17102,0.87041,-0.044652,0.49029,-19.23,-58.717,-19.266,-0.06263,-0.50093,-0.063068,0.86091,-0.1231,-0.98462,-0.12396,61.162,113.31,133.61,-525.53,0.076298,0.22498,-0.53027,-0.0041702,0.22353,-0.51134,0.0056597,0.23062,-0.55038,0.071602,0.23131,-0.60254
6240,0.50075,0.16966,-0.8488,-0.048478,0.98456,0.1682,0.86423,-0.043077,0.50124,-18.55,-58.082,-18.717,-0.061128,-0.49562,-0.063114,0.86408,-0.12144,-0.98465,-0.12539,60.444,113.11,134.11,-525.9,0.076107,0.22546,-0.53104,-0.0045175,0.22395,-0.51314,0.0057059,0.23108,-0.55205,0.072289,0.23153,-0.6034
6244,0.50652,0.16117,-0.84703,-0.043089,0.98588,0.16182,0.86115,-0.045469,0.50631,-17.724,-57.89,-17.65,-0.059852,-0.49321,-0.058977,0.86584,-0.11963,-0.9858,-0.11788,60.042,113.16,134.15,-525.63,0.076802,0.22568,-0.53208,-0.0039979,0.22492,-0.5146,0.0065229,0.2315,-0.55351,0.073476,0.23152,-0.60441
6249,0.51001,0.1554,-0.84602,-0.042111,0.98688,0.15589,0.85914,-0.043878,0.50986,-17.001,-57.781,-16.946,-0.057604,-0.49168,-0.056953,0.867,-0.1156,-0.9867,-0.11429,59.777,113.18,134.66,-526.18,0.076991,0.2262,-0.53345,-0.0038682,0.22571,-0.51626,0.0067845,0.23198,-0.55523,0.073883,0.23169,-0.60581
6257,0.51606,0.15212,-0.84293,-0.045832,0.9876,0.15017,0.85532,-0.038864,0.51664,-16.207,-57.451,-16.424,-0.054385,-0.48859,-0.056952,0.86895,-0.10989,-0.98726,-0.11508,59.326,111.73,135.64,-526.91,0.075372,0.22703,-0.535,-0.0056124,0.22644,-0.51843,0.005348,0.2325,-0.55732,0.072846,0.23213,-0.60739
6266,0.52287,0.1479,-0.83949,-0.046805,0.98833,0.14497,0.85113,-0.036508,0.52369,-15.474,-57.086,-15.794,-0.052086,-0.48523,-0.055882,0.87105,-0.10604,-0.98783,-0.11377,58.839,110.75,136.34,-527.75,0.074443,0.22774,-0.53602,-0.006652,0.22711,-0.52013,0.004609,0.23323,-0.5589,0.072549,0.23225,-0.60842
6274,0.53202,0.14179,-0.83477,-0.041651,0.98907,0.14145,0.84571,-0.040485,0.53211,-14.887,-56.592,-14.923,-0.052061,-0.48087,-0.052491,0.87367,-0.10701,-0.98839,-0.10789,58.224,110.04,136.35,-527.38,0.074441,0.22795,-0.53647,-0.0068092,0.22794,-0.52136,0.0048533,0.23379,-0.56007,0.07328,0.23232,-0.60888
6277,0.54539,0.13633,-0.82702,-0.03989,0.98979,0.13686,0.83723,-0.041651,0.54526,-14.09,-55.794,-14.035,-0.050854,-0.47412,-0.050202,0.87756,-0.10606,-0.98883,-0.1047,57.302,109.39,136.55,-526.59,0.074291,0.22826,-0.53654,-0.0071735,0.22862,-0.5227,0.0051121,0.23429,-0.56121,0.074217,0.23232,-0.60899
6279,0.55916,0.1304,-0.81874,-0.033294,0.99029,0.13498,0.82839,-0.048215,0.55807,-13.597,-54.959,-13.127,-0.05196,-0.46719,-0.046428,0.88141,-0.11,-0.98906,-0.098291,56.375,108.08,136.4,-525.34,0.074011,0.22835,-0.53655,-0.0077031,0.22959,-0.52391,0.005258,0.23483,-0.56233,0.075174,0.23255,-0.6089
6281,0.57909,0.12259,-0.806,-0.027942,0.99103,0.13065,0.81479,-0.053139,0.57732,-12.752,-53.707,-11.953,-0.051799,-0.45679,-0.042424,0.88705,-0.1122,-0.98943,-0.091892,54.99,106.72,136.35,-524.13,0.073719,0.22852,-0.5366,-0.0082293,0.23054,-0.52586,0.005654,0.23545,-0.564,0.076565,0.2325,-0.60888
6282,0.59219,0.11884,-0.79699,-0.02527,0.99132,0.12904,0.8054,-0.056276,0.59005,-12.336,-52.844,-11.347,-0.052013,-0.44975,-0.040448,0.89072,-0.11443,-0.98944,-0.088984,54.071,105.86,136.37,-523.35,0.073513,0.22868,-0.53654,-0.0085446,0.23112,-0.5271,0.0059179,0.23588,-0.565,0.077498,0.23259,-0.60873
6283,0.6064,0.11549,-0.78673,-0.021891,0.99145,0.12867,0.79486,-0.060803,0.60374,-12.031,-51.881,-10.783,-0.052946,-0.44196,-0.03839,0.89465,-0.11851,-0.98923,-0.085928,53.073,104.89,136.3,-522.79,0.073273,0.22879,-0.53642,-0.0088979,0.23167,-0.52837,0.0062283,0.23639,-0.56604,0.07851,0.23264,-0.60849
6284,0.62232,0.1087,-0.77518,-0.015634,0.99184,0.12653,0.7826,-0.066622,0.61895,-11.553,-50.821,-9.9075,-0.05371,-0.43318,-0.034573,0.89904,-0.12266,-0.9893,-0.07896,51.935,103.54,136.27,-521.73,0.073018,0.22901,-0.53616,-0.009273,0.23263,-0.5297,0.0066337,0.23713,-0.56706,0.079731,0.23268,-0.60809
6285,0.64021,0.1007,-0.76157,-0.010195,0.9924,0.12265,0.76813,-0.070756,0.63637,-10.909,-49.603,-8.9389,-0.053485,-0.42303,-0.030667,0.90401,-0.12511,-0.98955,-0.071736,50.618,102.17,136.15,-520.37,0.072743,0.22908,-0.53578,-0.0096694,0.2334,-0.53115,0.0070985,0.23764,-0.56817,0.081019,0.23243,-0.60758
6286,0.65872,0.09741,-0.74606,-0.0084463,0.99248,0.12213,0.75234,-0.074145,0.65458,-10.568,-48.25,-8.4118,-0.053975,-0.41206,-0.02911,0.90909,-0.12956,-0.98911,-0.069876,49.24,101.01,136.18,-518.83,0.072464,0.22921,-0.53528,-0.0099945,0.23399,-0.53262,0.0076215,0.23801,-0.56926,0.082482,0.23262,-0.60686
6287,0.67695,0.088783,-0.73066,-0.0058488,0.99332,0.11528,0.73601,-0.073765,0.67294,-9.7208,-46.941,-7.4718,-0.051696,-0.40107,-0.025878,0.91422,-0.12758,-0.98977,-0.063862,47.809,99.818,136.25,-517.2,0.07215,0.22934,-0.53479,-0.010281,0.23454,-0.53413,0.0082312,0.23828,-0.57039,0.08387,0.23215,-0.6062
6288,0.69517,0.088302,-0.7134,-0.0024232,0.99271,0.12051,0.71884,-0.082048,0.69032,-9.9026,-45.512,-7.239,-0.055104,-0.38962,-0.02468,0.91899,-0.13976,-0.9882,-0.062598,46.441,98.495,135.87,-516.7,0.071853,0.22924,-0.53443,-0.010552,0.23496,-0.53579,0.0088958,0.23878,-0.57147,0.085271,0.23234,-0.60534
6289,0.71304,0.077263,-0.69686,0.0069254,0.99309,0.11719,0.70109,-0.088389,0.70757,-9.4043,-44.175,-6.1843,-0.055634,-0.37831,-0.019035,0.92381,-0.14531,-0.98814,-0.049718,45.021,96.636,135.34,-515.56,0.071535,0.22897,-0.53409,-0.010764,0.23567,-0.53744,0.0095516,0.23919,-0.57269,0.086746,0.2316,-0.60472
6290,0.73203,0.072061,-0.67745,0.013542,0.99265,0.12022,0.68114,-0.097179,0.72568,-9.4067,-42.645,-5.6221,-0.058519,-0.3657,-0.015752,0.92876,-0.15787,-0.98655,-0.042494,43.516,94.736,134.98,-514.28,0.071209,0.22885,-0.53366,-0.010927,0.23648,-0.53916,0.010368,0.23968,-0.57387,0.088335,0.23169,-0.60369
6291,0.75167,0.066465,-0.65618,0.018275,0.99243,0.12146,0.65928,-0.10329,0.74477,-9.2623,-41.009,-5.0531,-0.060162,-0.35213,-0.0129,0.93393,-0.1683,-0.98508,-0.036087,41.889,92.912,134.79,-512.7,0.070893,0.2288,-0.53316,-0.010992,0.23724,-0.54096,0.011342,0.24005,-0.57515,0.08998,0.23177,-0.60261
6292,0.76998,0.055828,-0.63563,0.023724,0.99297,0.11595,0.63763,-0.10436,0.76324,-8.6384,-39.466,-4.1471,-0.058662,-0.33903,-0.0085482,0.93891,-0.17045,-0.98505,-0.024837,40.262,91.262,134.74,-511.46,0.07047,0.22887,-0.53262,-0.011101,0.23786,-0.54275,0.012151,0.24049,-0.57626,0.091523,0.23104,-0.60162
6293,0.78862,0.05252,-0.61263,0.023544,0.99304,0.11544,0.61442,-0.10546,0.7819,-8.3986,-37.78,-3.8101,-0.05851,-0.32501,-0.0076747,0.94387,-0.17713,-0.98391,-0.023234,38.576,89.718,135.1,-510.14,0.069836,0.22928,-0.53193,-0.011319,0.2385,-0.54447,0.012913,0.24104,-0.57727,0.092815,0.23127,-0.60022
6294,0.80578,0.041869,-0.59073,0.031033,0.99314,0.11272,0.5914,-0.10916,0.79896,-8.0306,-36.209,-2.9745,-0.058489,-0.31161,-0.0028563,0.9484,-0.18447,-0.9828,-0.0090084,36.971,87.206,134.63,-508.46,0.069033,0.22892,-0.53129,-0.011675,0.239,-0.54611,0.013521,0.24108,-0.57821,0.09399,0.23048,-0.59895
6295,0.82395,0.042903,-0.56504,0.029552,0.99252,0.11845,0.5659,-0.1143,0.81651,-8.2544,-34.405,-2.9807,-0.061056,-0.29667,-0.0035021,0.95302,-0.20156,-0.97941,-0.011562,35.265,85.047,134.56,-507.13,0.067988,0.22892,-0.53047,-0.012133,0.23936,-0.54772,0.013976,0.24134,-0.5791,0.094948,0.23094,-0.59714
6296,0.84095,0.034741,-0.53999,0.034231,0.99252,0.11716,0.54003,-0.11701,0.83347,-8.0017,-32.683,-2.3656,-0.061145,-0.282,-0.00013324,0.95746,-0.2119,-0.97729,-0.00046176,33.543,82.344,134.54,-505.53,0.066814,0.22898,-0.52963,-0.012669,0.24005,-0.54931,0.014413,0.24171,-0.57989,0.095951,0.23061,-0.59544
6297,0.85764,0.023371,-0.51372,0.040171,0.99287,0.11223,0.51268,-0.11689,0.85058,-7.5167,-30.912,-1.561,-0.05955,-0.26676,0.0043664,0.96191,-0.21784,-0.97585,0.015973,31.729,79.68,134.62,-504.06,0.06556,0.22913,-0.52873,-0.013185,0.24071,-0.55098,0.014884,0.24215,-0.58063,0.096777,0.22986,-0.59373
6298,0.87448,0.026735,-0.48432,0.038828,0.99142,0.12484,0.4835,-0.12797,0.86594,-8.2034,-28.968,-1.7511,-0.065433,-0.25049,0.0031298,0.9659,-0.25272,-0.96746,0.012088,30.012,77.167,134.05,-503.61,0.064294,0.22883,-0.52794,-0.013651,0.24097,-0.5527,0.015377,0.24252,-0.58139,0.097547,0.23034,-0.59167
6299,0.88993,0.019403,-0.45568,0.037896,0.99249,0.11627,0.45452,-0.12074,0.88252,-7.5053,-27.109,-1.249,-0.061074,-0.23455,0.0047653,0.97017,-0.25194,-0.96754,0.019657,28.058,74.904,134.58,-501.74,0.062894,0.22922,-0.52704,-0.014091,0.24122,-0.55444,0.015849,0.2426,-0.58214,0.098253,0.22983,-0.58981
6300,0.90384,0.012411,-0.42769,0.044544,0.99142,0.12291,0.42554,-0.13014,0.89553,-7.8147,-25.321,-0.78673,-0.064984,-0.21912,0.0082519,0.9735,-0.28415,-0.9581,0.036082,26.441,71.446,133.84,-500.91,0.061432,0.22867,-0.52637,-0.014589,0.24172,-0.55608,0.016242,0.24276,-0.58289,0.09878,0.22938,-0.5879
6301,0.91692,0.0016528,-0.39907,0.048623,0.99208,0.11583,0.3961,-0.12561,0.90958,-7.2571,-23.52,-0.10328,-0.061776,-0.20346,0.012018,0.97706,-0.29007,-0.95534,0.056432,24.593,68.143,134.37,-498.8,0.059802,0.22901,-0.52551,-0.015142,0.24244,-0.55769,0.016541,0.24292,-0.5836,0.099136,0.22897,-0.58592
6302,0.9293,-0.0032982,-0.36931,0.04954,0.99204,0.1158,0.36599,-0.12591,0.92206,-7.1581,-21.673,0.20335,-0.061645,-0.18753,0.013476,0.98023,-0.31155,-0.94779,0.068107,22.824,65.424,134.51,-498.02,0.058083,0.22924,-0.52474,-0.015705,0.24283,-0.55936,0.016769,0.24335,-0.58414,0.09931,0.22871,-0.58392
6303,0.94073,-0.0035169,-0.33913,0.047214,0.99157,0.12068,0.33585,-0.12954,0.93296,-7.3706,-19.824,0.2142,-0.063638,-0.17166,0.012902,0.98301,-0.34674,-0.93532,0.070297,21.151,62.819,134.2,-497.73,0.056268,0.22909,-0.52409,-0.01631,0.24283,-0.56104,0.016918,0.24352,-0.58469,0.099352,0.22855,-0.58189
6304,0.95034,-0.0073309,-0.31113,0.049167,0.9907,0.12684,0.30731,-0.13584,0.94187,-7.6697,-18.127,0.44197,-0.066651,-0.15692,0.014336,0.98525,-0.38956,-0.91718,0.08379,19.703,59.659,133.81,-497.37,0.05449,0.22883,-0.52353,-0.016944,0.2432,-0.56258,0.017022,0.24377,-0.58524,0.09929,0.22835,-0.57989
6305,0.95917,-0.012853,-0.28254,0.049761,0.99105,0.12384,0.27842,-0.13285,0.95123,-7.4178,-16.412,0.76774,-0.064978,-0.142,0.01585,0.9876,-0.41397,-0.90467,0.10098,18.061,56.626,134.28,-496.2,0.05265,0.22921,-0.52291,-0.017519,0.2437,-0.56412,0.017125,0.24402,-0.58578,0.099183,0.22826,-0.57794
6306,0.96692,-0.017893,-0.25444,0.050343,0.9913,0.1216,0.25006,-0.13038,0.95941,-7.2232,-14.741,1.0602,-0.063654,-0.12744,0.017237,0.98965,-0.4436,-0.88814,0.12012,16.5,53.838,134.53,-495.36,0.050873,0.22942,-0.52236,-0.017998,0.24398,-0.56567,0.017237,0.2442,-0.58627,0.098992,0.22798,-0.57617
6307,0.97359,-0.018991,-0.22752,0.048414,0.99104,0.12444,0.22312,-0.13217,0.96579,-7.3422,-13.151,1.1175,-0.064719,-0.11366,0.017,0.99126,-0.49071,-0.86174,0.12889,15.158,51.345,134.42,-495.18,0.04914,0.22938,-0.52198,-0.018411,0.24405,-0.56714,0.017324,0.24433,-0.58673,0.098762,0.22787,-0.57444
6308,0.9788,-0.020221,-0.20381,0.046819,0.99086,0.12654,0.19939,-0.1334,0.9708,-7.4265,-11.76,1.1835,-0.065475,-0.10156,0.016886,0.99253,-0.53665,-0.83238,0.1384,14.016,49.106,134.29,-495.13,0.047542,0.22932,-0.52175,-0.018927,0.2441,-0.56857,0.01733,0.24442,-0.58725,0.098393,0.2277,-0.57296
6309,0.98292,-0.023336,-0.18256,0.046209,0.99145,0.12206,0.17815,-0.12841,0.97559,-7.1316,-10.519,1.36,-0.063014,-0.090746,0.017496,0.99372,-0.56335,-0.81128,0.15642,12.845,46.426,134.95,-494.14,0.045886,0.22977,-0.52153,-0.019526,0.2445,-0.56981,0.017157,0.2445,-0.58779,0.097844,0.2279,-0.57163
6310,0.98627,-0.024517,-0.1633,0.045367,0.99109,0.1252,0.15878,-0.13089,0.9786,-7.2907,-9.3987,1.424,-0.064378,-0.080967,0.017568,0.99448,-0.61357,-0.77168,0.16743,12.045,43.711,134.93,-494.05,0.044211,0.22972,-0.52152,-0.020179,0.24477,-0.57098,0.016824,0.24455,-0.5883,0.097133,0.22806,-0.5705
6311,0.98881,-0.028344,-0.14645,0.046401,0.99152,0.12139,0.14177,-0.12683,0.98174,-7.0489,-8.4215,1.6419,-0.062353,-0.0724,0.018775,0.99525,-0.64032,-0.74351,0.19281,11.176,41.623,134.98,-493.88,0.042607,0.22972,-0.52155,-0.02092,0.24465,-0.57222,0.016378,0.2444,-0.58883,0.096391,0.22752,-0.56973
6313,0.99306,-0.0263,-0.1146,0.040113,0.99197,0.11995,0.11053,-0.12371,0.98614,-6.935,-6.5807,1.517,-0.061135,-0.056487,0.016663,0.99639,-0.72019,-0.66543,0.1963,9.7392,37.7,135.61,-493.67,0.039407,0.23026,-0.52161,-0.022479,0.24491,-0.5743,0.01534,0.24466,-0.58973,0.094742,0.22809,-0.56804
6315,0.99579,-0.027437,-0.087495,0.037678,0.99234,0.11763,0.083598,-0.12043,0.9892,-6.7816,-5.0195,1.5783,-0.059686,-0.042895,0.016325,0.99716,-0.79272,-0.56971,0.21682,8.636,34.551,135.82,-493.94,0.036676,0.23047,-0.52185,-0.023791,0.24487,-0.57632,0.014459,0.24477,-0.59067,0.093278,0.22789,-0.56684
6317,0.99746,-0.030552,-0.06439,0.037806,0.99269,0.11464,0.060417,-0.11678,0.99132,-6.5966,-3.6918,1.7544,-0.057991,-0.031274,0.017129,0.99768,-0.85185,-0.4594,0.25162,7.807,31.005,136.3,-493.81,0.034385,0.23074,-0.52226,-0.024751,0.2452,-0.57812,0.013816,0.24475,-0.59162,0.092066,0.22799,-0.56586
6319,0.99846,-0.033947,-0.043849,0.038564,0.99328,0.10915,0.039849,-0.11067,0.99306,-6.2725,-2.5132,1.9473,-0.055061,-0.020964,0.018162,0.9981,-0.89308,-0.34004,0.29459,7.0694,28.595,136.78,-493.95,0.032405,0.23114,-0.52264,-0.025511,0.24528,-0.57978,0.013291,0.24487,-0.59246,0.090972,0.22774,-0.56522
6322,0.99909,-0.036717,-0.021544,0.038822,0.99348,0.10718,0.017468,-0.10792,0.99401,-6.1542,-1.2345,2.1047,-0.053865,-0.0097693,0.018917,0.99832,-0.92999,-0.16867,0.3266,6.6409,25.669,137.17,-494.73,0.029832,0.23155,-0.52326,-0.026804,0.24554,-0.58178,0.012324,0.24526,-0.59347,0.089377,0.22761,-0.5646
6325,0.99947,-0.032311,-0.0031531,0.032463,0.99386,0.10576,-0.00028337,-0.1058,0.99439,-6.0708,-0.18066,1.8516,-0.052972,-0.00071854,0.016218,0.99846,-0.95611,-0.012969,0.29273,6.352,23.057,137.51,-495.29,0.027574,0.23181,-0.52409,-0.02804,0.24549,-0.58368,0.011258,0.24524,-0.5947,0.087812,0.22817,-0.56427
6329,0.99937,-0.031191,0.016902,0.02923,0.99394,0.10594,-0.020104,-0.10538,0.99423,-6.0824,0.96847,1.7876,-0.052914,0.009266,0.015129,0.99844,-0.94813,0.16603,0.27108,6.3986,19.825,137.81,-496.54,0.024773,0.2321,-0.52525,-0.029627,0.24569,-0.58592,0.0098891,0.24549,-0.59611,0.085859,0.22848,-0.56414
6332,0.99891,-0.030004,0.035686,0.026391,0.99486,0.097721,-0.038434,-0.096673,0.99457,-5.6116,2.0451,1.7205,-0.04867,0.018557,0.014119,0.99854,-0.90184,0.34386,0.26163,6.1872,17.529,138.54,-496.44,0.02278,0.23262,-0.52582,-0.030503,0.24557,-0.58761,0.0091876,0.24541,-0.59712,0.084628,0.22865,-0.56368
6335,0.99775,-0.030717,0.05959,0.024971,0.99518,0.09488,-0.062217,-0.093178,0.9937,-5.4541,3.4163,1.7634,-0.047093,0.030503,0.013945,0.99833,-0.81454,0.52758,0.24121,6.6289,14.865,138.87,-497.05,0.020607,0.23291,-0.52648,-0.031203,0.24562,-0.5896,0.0087438,0.24552,-0.59808,0.083279,0.22864,-0.56291
6337,0.9964,-0.032675,0.078241,0.025472,0.99549,0.091357,-0.080873,-0.089035,0.99274,-5.2579,4.4874,1.8782,-0.045185,0.039855,0.014565,0.99808,-0.72896,0.64297,0.23497,7.1076,12.586,139.33,-497.22,0.019083,0.23323,-0.5269,-0.031506,0.2458,-0.59102,0.0085754,0.24559,-0.59876,0.082483,0.22868,-0.56217
6339,0.99472,-0.031366,0.09776,0.021888,0.99509,0.096564,-0.10031,-0.093914,0.99051,-5.5681,5.6102,1.8061,-0.047737,0.04964,0.013346,0.99754,-0.6805,0.70762,0.19025,8.0452,10.356,139.01,-498.23,0.017532,0.23301,-0.52745,-0.031775,0.24586,-0.59245,0.0084188,0.24563,-0.59944,0.081568,0.22883,-0.56131
6341,0.99246,-0.034694,0.11754,0.02424,0.99572,0.089229,-0.12013,-0.085707,0.98905,-5.1551,6.7502,2.0021,-0.043859,0.059589,0.014776,0.99715,-0.5813,0.78977,0.19583,8.6542,8.158,139.8,-498.29,0.015926,0.23362,-0.52792,-0.032039,0.24607,-0.59403,0.0082472,0.2458,-0.60018,0.080675,0.22875,-0.56071
6343,0.99004,-0.030643,0.13745,0.018775,0.99605,0.086831,-0.13956,-0.083385,0.9867,-5.0292,7.9001,1.7728,-0.0427,0.069489,0.012397,0.99659,-0.51759,0.84233,0.15027,9.4642,6.5321,140.1,-498.92,0.014307,0.23391,-0.52858,-0.03238,0.24593,-0.59568,0.0080345,0.24591,-0.60097,0.079701,0.2291,-0.5601
6345,0.98737,-0.029343,0.15567,0.015183,0.9957,0.091383,-0.15768,-0.087866,0.98357,-5.3081,8.9555,1.7022,-0.045,0.078666,0.011178,0.99582,-0.49281,0.86148,0.12242,10.478,4.7167,139.75,-500.35,0.012756,0.23373,-0.52942,-0.032697,0.24592,-0.5973,0.0078263,0.24604,-0.60184,0.078695,0.22912,-0.55962
6347,0.98428,-0.029674,0.1741,0.015044,0.99629,0.084756,-0.17597,-0.080804,0.98107,-4.9376,10.026,1.7268,-0.04159,0.08794,0.011233,0.99519,-0.42471,0.89803,0.11471,11.239,2.4305,140.48,-500.46,0.011181,0.23423,-0.53004,-0.033022,0.24603,-0.59887,0.0076192,0.24604,-0.60264,0.077684,0.22934,-0.55901
6349,0.98057,-0.02878,0.19406,0.013516,0.99674,0.079522,-0.19572,-0.075353,0.97776,-4.6497,11.19,1.6812,-0.038938,0.097998,0.010634,0.99437,-0.36739,0.92464,0.10033,12.168,-0.0026728,141.12,-500.67,0.0095696,0.23466,-0.53066,-0.03324,0.24614,-0.60043,0.0074779,0.24603,-0.60341,0.076632,0.22971,-0.55835
6351,0.9764,-0.030313,0.21385,0.01256,0.9964,0.083889,-0.21562,-0.079223,0.97326,-4.9264,12.348,1.7782,-0.041056,0.1081,0.010791,0.99323,-0.35351,0.9308,0.092919,13.338,-1.9188,140.8,-502.09,0.0081386,0.2345,-0.53144,-0.033233,0.24624,-0.602,0.0075491,0.2462,-0.60412,0.075754,0.22952,-0.55771
6353,0.9715,-0.029375,0.2352,0.01144,0.99695,0.077261,-0.23675,-0.072369,0.96887,-4.5593,13.603,1.7319,-0.037704,0.11892,0.010285,0.99213,-0.3012,0.95001,0.08216,14.382,-4.096,141.49,-502.18,0.0067052,0.23496,-0.53196,-0.033109,0.24625,-0.60349,0.0076789,0.24615,-0.60475,0.074873,0.22978,-0.55677
6355,0.96585,-0.030238,0.25732,0.0092148,0.99655,0.08252,-0.25892,-0.077331,0.9628,-4.8987,14.911,1.7932,-0.040342,0.13028,0.0099568,0.99061,-0.295,0.95272,0.07281,15.72,-6.1693,141.15,-503.6,0.0053597,0.23476,-0.53267,-0.032798,0.24642,-0.60504,0.0079894,0.2463,-0.60533,0.074052,0.22976,-0.55587
6357,0.95977,-0.034282,0.27868,0.013521,0.99701,0.076083,-0.28045,-0.069255,0.95737,-4.5438,16.181,2.0457,-0.036731,0.14131,0.012081,0.98921,-0.25072,0.96454,0.082464,16.849,-8.6326,141.77,-503.83,0.0041352,0.23511,-0.53327,-0.032334,0.2465,-0.60651,0.0084178,0.24614,-0.60598,0.073334,0.22956,-0.55504
6359,0.95381,-0.036069,0.29825,0.012868,0.99676,0.079394,-0.30014,-0.071889,0.95118,-4.7713,17.352,2.1657,-0.038294,0.15147,0.012387,0.98764,-0.24434,0.96646,0.079038,18.034,-11.262,141.71,-504.91,0.0029238,0.23497,-0.53395,-0.03202,0.2468,-0.60786,0.0087162,0.24606,-0.60655,0.072549,0.22971,-0.55417
6361,0.94845,-0.035138,0.31496,0.011936,0.99709,0.075296,-0.31669,-0.067656,0.94611,-4.5503,18.358,2.1217,-0.036232,0.1601,0.011931,0.98636,-0.22015,0.97277,0.072496,18.945,-12.641,142.16,-505.48,0.0017527,0.23536,-0.53461,-0.031902,0.2468,-0.60919,0.0088135,0.2462,-0.6071,0.071674,0.22985,-0.55361
6364,0.94075,-0.036739,0.3371,0.013937,0.99746,0.069817,-0.33881,-0.060982,0.93888,-4.2528,19.7,2.2364,-0.033214,0.17163,0.012868,0.98452,-0.18948,0.97914,0.073412,20.191,-15.279,142.77,-506.49,9.7278e-05,0.23575,-0.5358,-0.031761,0.24687,-0.61117,0.0088825,0.24616,-0.60819,0.070519,0.22986,-0.55322
6367,0.93386,-0.034167,0.35599,0.009399,0.99743,0.071074,-0.3575,-0.063027,0.93178,-4.3619,20.854,2.0953,-0.034114,0.18151,0.011083,0.98274,-0.18438,0.98103,0.059901,21.324,-17.219,142.83,-507.95,-0.0011831,0.23581,-0.5369,-0.031561,0.247,-0.61291,0.0090334,0.24625,-0.6091,0.069503,0.23031,-0.55281
6370,0.92672,-0.037903,0.37383,0.015407,0.9979,0.062982,-0.37543,-0.052607,0.92535,-3.8937,21.952,2.3421,-0.029455,0.19093,0.013585,0.98107,-0.15209,0.98587,0.070145,22.334,-19.279,143.63,-508.41,-0.0024874,0.23635,-0.53777,-0.031355,0.24701,-0.61448,0.0091609,0.24621,-0.60988,0.068535,0.23002,-0.55249
6374,0.91797,-0.036419,0.39496,0.012586,0.99795,0.062767,-0.39644,-0.052647,0.91655,-3.9176,23.264,2.2719,-0.029477,0.20213,0.012516,0.97884,-0.14404,0.98768,0.06116,23.618,-21.756,143.86,-509.75,-0.0040608,0.2365,-0.5388,-0.031179,0.24717,-0.61612,0.0092256,0.24626,-0.6106,0.067232,0.23041,-0.55173
6377,0.91183,-0.039683,0.40864,0.0195,0.99838,0.053441,-0.4101,-0.040761,0.91113,-3.3568,24.12,2.492,-0.024095,0.20942,0.015138,0.97741,-0.11401,0.99089,0.071628,24.402,-23.691,144.77,-510.44,-0.0050061,0.23703,-0.5401,-0.030921,0.24712,-0.61791,0.0094123,0.24602,-0.6118,0.066455,0.2302,-0.55199
6380,0.90524,-0.035558,0.4234,0.020374,0.99898,0.040336,-0.4244,-0.027888,0.90504,-2.5519,25.049,2.2494,-0.017478,0.21719,0.014329,0.97587,-0.08004,0.99463,0.065619,25.226,-25.381,145.88,-511.58,-0.006005,0.23769,-0.54218,-0.03066,0.24678,-0.6205,0.0095232,0.24568,-0.61375,0.065568,0.23062,-0.55281
6384,0.89767,-0.035272,0.43925,0.024298,0.99924,0.030584,-0.43999,-0.016782,0.89784,-1.951,26.056,2.2502,-0.012157,0.22568,0.01529,0.97401,-0.05367,0.99627,0.067499,26.185,-28.117,146.78,-513.26,-0.0076328,0.23815,-0.54446,-0.030905,0.24659,-0.62325,0.0091733,0.2453,-0.6158,0.064136,0.23071,-0.55375
6387,0.88931,-0.033256,0.4561,0.025759,0.99941,0.022646,-0.45659,-0.0083904,0.88964,-1.4582,27.136,2.1416,-0.0079835,0.23477,0.01518,0.9719,-0.033915,0.99734,0.064489,27.23,-30.112,147.49,-513.91,-0.0087192,0.23851,-0.5455,-0.030509,0.24638,-0.62479,0.009429,0.24501,-0.61664,0.063203,0.23093,-0.55346
6390,0.879,-0.032635,0.47571,0.022577,0.99938,0.026844,-0.47629,-0.012856,0.87919,-1.7488,28.405,2.1262,-0.01024,0.24556,0.014241,0.96922,-0.041595,0.99746,0.057848,28.503,-30.793,146.94,-515.07,-0.0095157,0.23828,-0.54583,-0.029542,0.24623,-0.62554,0.010163,0.24519,-0.61641,0.062542,0.23067,-0.55217
6393,0.86651,-0.039219,0.49761,0.029636,0.99919,0.027145,-0.49827,-0.0087746,0.86698,-1.7934,29.842,2.5915,-0.009296,0.25773,0.01782,0.96601,-0.035959,0.99697,0.068931,29.964,-33.257,147.02,-515.84,-0.01001,0.23805,-0.54608,-0.027978,0.24625,-0.62626,0.011506,0.24467,-0.61617,0.062109,0.23009,-0.55056
6395,0.8566,-0.04305,0.51419,0.033078,0.99905,0.028538,-0.51493,-0.0074374,0.8572,-1.9068,30.943,2.8771,-0.0093353,0.26704,0.019754,0.96344,-0.034841,0.99667,0.073728,31.083,-33.962,146.9,-516.53,-0.010345,0.238,-0.54625,-0.026721,0.24619,-0.62679,0.012503,0.24471,-0.61586,0.061829,0.22952,-0.54939
6397,0.84555,-0.04642,0.53187,0.037517,0.99892,0.02754,-0.53257,-0.0033323,0.84638,-1.8637,32.132,3.1424,-0.0080348,0.27703,0.021845,0.96058,-0.028901,0.99649,0.078579,32.283,-35.482,147.15,-517.11,-0.010804,0.23808,-0.54649,-0.025482,0.24621,-0.62736,0.013551,0.24456,-0.61567,0.061416,0.22923,-0.54822
6399,0.83331,-0.048049,0.55072,0.041128,0.99884,0.024916,-0.55128,0.0018872,0.83432,-1.7106,33.416,3.3001,-0.0060134,0.28776,0.023286,0.9574,-0.020825,0.99653,0.080641,33.568,-37.296,147.7,-517.89,-0.011304,0.23835,-0.54701,-0.02413,0.24632,-0.62825,0.014594,0.24443,-0.61571,0.060927,0.22931,-0.54714
6401,0.82031,-0.047101,0.56997,0.039362,0.99889,0.025895,-0.57056,0.0011935,0.82126,-1.806,34.748,3.2862,-0.0064731,0.29888,0.022658,0.954,-0.021591,0.99691,0.075574,34.892,-38.398,147.54,-519.27,-0.011903,0.23824,-0.54777,-0.022846,0.24619,-0.6293,0.015567,0.24436,-0.61581,0.06023,0.22927,-0.54613
6403,0.80622,-0.052936,0.58924,0.047494,0.99857,0.024727,-0.5897,0.0080495,0.80758,-1.7538,36.103,3.7566,-0.0043874,0.31015,0.02642,0.95031,-0.014094,0.99629,0.084871,36.275,-40.672,147.88,-520.43,-0.012628,0.23825,-0.54848,-0.021591,0.24613,-0.63019,0.016513,0.24395,-0.61584,0.059392,0.22869,-0.54509
6405,0.79141,-0.048972,0.60933,0.045666,0.99874,0.020958,-0.60958,0.011239,0.79264,-1.5146,37.541,3.5409,-0.0025674,0.32198,0.024999,0.94641,-0.0079497,0.99697,0.077406,37.684,-41.995,148.06,-521.02,-0.013657,0.23841,-0.54885,-0.020572,0.2458,-0.63092,0.0171,0.24389,-0.61554,0.058293,0.22884,-0.54374
6407,0.77833,-0.052759,0.62564,0.045959,0.99858,0.027032,-0.62617,0.007714,0.77965,-1.9858,38.729,3.8779,-0.0051218,0.33189,0.026173,0.94294,-0.015383,0.99679,0.078607,38.897,-43.471,147.41,-522.29,-0.014715,0.23793,-0.54911,-0.019908,0.24569,-0.63124,0.017444,0.24376,-0.61502,0.057073,0.22818,-0.54248
6409,0.76459,-0.051512,0.64246,0.043822,0.99865,0.027919,-0.64303,0.0068073,0.76581,-2.0879,39.975,3.8544,-0.0056191,0.34214,0.025374,0.93929,-0.016376,0.99713,0.073949,40.135,-45.449,147.38,-522.9,-0.016007,0.23789,-0.54905,-0.019421,0.2457,-0.63129,0.01761,0.24372,-0.61432,0.055668,0.22835,-0.54089
6411,0.75229,-0.055982,0.65645,0.043316,0.99843,0.035506,-0.65741,0.0017243,0.75353,-2.6977,41.03,4.2558,-0.009023,0.35093,0.026522,0.93598,-0.02563,0.99683,0.075337,41.225,-47.284,146.7,-523.96,-0.01722,0.23734,-0.5489,-0.019085,0.24574,-0.63105,0.017609,0.24357,-0.61341,0.05424,0.22778,-0.53934
6413,0.73871,-0.054751,0.6718,0.042478,0.9985,0.034668,-0.67268,0.0029266,0.73993,-2.6826,42.206,4.2389,-0.0085112,0.36051,0.026071,0.93235,-0.023541,0.99712,0.072109,42.391,-48.862,146.71,-524.17,-0.018472,0.23736,-0.54868,-0.018652,0.24557,-0.63093,0.017684,0.24352,-0.61253,0.05281,0.22777,-0.53777
6415,0.72638,-0.055353,0.68506,0.039342,0.99847,0.038961,-0.68617,-0.0013489,0.72744,-3.0658,43.24,4.3577,-0.010847,0.369,0.025483,0.92902,-0.029315,0.9972,0.068865,43.436,-50.223,146.12,-524.9,-0.019608,0.23692,-0.54853,-0.018295,0.24543,-0.6307,0.01769,0.2434,-0.61168,0.051482,0.22746,-0.5363
