frames,r11,r21,r31,r12,r22,r32,r13,r23,r33,roll,pitch,yaw,q1,q2,q3,q4,u1,u2,u3,angle,Sx,Sy,Sz,M1x,M1y,M1z,M2x,M2y,M2z,M3x,M3y,M3z,M4x,M4y,M4z
4800,0.99844,0.032009,0.045755,-0.028552,0.99683,-0.074304,-0.047988,0.072882,0.99619,4.2657,2.6225,-1.8362,0.036836,0.023461,-0.015157,0.99893,0.79683,0.5075,-0.32787,5.2992,-14.754,140.92,-587.48,-0.023772,0.19376,-0.64265,-0.082009,0.18379,-0.70036,-0.043329,0.18441,-0.71308,0.035585,0.18417,-0.68322
4808,0.99659,0.027641,0.077795,-0.022086,0.9972,-0.071382,-0.079551,0.069421,0.99441,4.1059,4.4619,-1.5887,0.035253,0.039395,-0.01245,0.99852,0.64909,0.72535,-0.22924,6.2267,-16.32,140.81,-586.94,-0.023197,0.19383,-0.64223,-0.0796,0.18438,-0.70183,-0.040546,0.18478,-0.71328,0.037406,0.18425,-0.68091
4811,0.99518,0.023235,0.095295,-0.016357,0.99725,-0.072334,-0.096713,0.070426,0.99282,4.1671,5.4683,-1.3375,0.035756,0.048091,-0.0099163,0.99815,0.58866,0.79173,-0.16325,6.9648,-17.57,141.02,-586.92,-0.023075,0.19397,-0.64245,-0.078424,0.18481,-0.70294,-0.039158,0.18489,-0.71375,0.038181,0.18421,-0.68007
4845,0.99776,0.025704,0.061683,-0.02198,0.99794,-0.060303,-0.063105,0.058812,0.99627,3.4638,3.5364,-1.4757,0.029809,0.031228,-0.011933,0.999,0.66552,0.69721,-0.26642,5.1343,-13.937,140.11,-584.99,-0.021438,0.19365,-0.63971,-0.078799,0.185,-0.69843,-0.039947,0.18529,-0.71061,0.038508,0.18457,-0.67948
4850,0.99824,0.029118,0.051571,-0.023809,0.99463,-0.10074,-0.054227,0.099332,0.99358,5.7893,2.9561,-1.6708,0.050102,0.026495,-0.013254,0.9983,0.86078,0.45519,-0.22771,6.6736,-13.366,142.32,-588.03,-0.021774,0.19372,-0.64464,-0.079708,0.18246,-0.70252,-0.040962,0.18258,-0.715,0.037818,0.18279,-0.68472
4903,0.99248,0.029109,0.11892,-0.021687,0.99776,-0.063239,-0.12049,0.060184,0.99089,3.6517,6.8295,-1.68,0.030929,0.059993,-0.012729,0.99764,0.45029,0.87344,-0.18532,7.877,-18.245,140.05,-582.05,-0.022625,0.19343,-0.63726,-0.076531,0.18454,-0.69922,-0.037028,0.18484,-0.70916,0.039551,0.18458,-0.67349
4905,0.9882,0.032277,0.1497,-0.022938,0.99771,-0.063697,-0.15141,0.059512,0.98668,3.6937,8.6097,-1.8707,0.030908,0.075538,-0.013851,0.99657,0.37336,0.91247,-0.16732,9.4972,-19.789,140.04,-581.85,-0.022708,0.19345,-0.63712,-0.074672,0.18435,-0.70083,-0.034907,0.18487,-0.70947,0.040571,0.18474,-0.67144
4906,0.98256,0.032045,0.18315,-0.020871,0.99782,-0.062618,-0.18476,0.057704,0.98109,3.6519,10.553,-1.868,0.030226,0.092423,-0.013293,0.99517,0.30798,0.9417,-0.13545,11.265,-21.693,139.91,-581.81,-0.022773,0.19344,-0.63705,-0.072553,0.18444,-0.70248,-0.032493,0.18499,-0.70977,0.0416,0.18478,-0.6692
4908,0.97476,0.034124,0.22065,-0.020837,0.99784,-0.062272,-0.2223,0.056102,0.97336,3.6606,12.747,-2.005,0.029796,0.11149,-0.013834,0.99322,0.25635,0.95923,-0.11902,13.349,-23.72,139.83,-581.89,-0.02282,0.19343,-0.63706,-0.070047,0.18438,-0.7044,-0.029751,0.18506,-0.71008,0.042811,0.18495,-0.66665
4909,0.96489,0.030342,0.26091,-0.014382,0.99792,-0.062864,-0.26227,0.056904,0.96331,3.7337,15.124,-1.8011,0.030222,0.13202,-0.011286,0.99072,0.22238,0.97142,-0.083041,15.622,-26.362,139.87,-581.97,-0.022822,0.19342,-0.63708,-0.067216,0.18462,-0.70628,-0.02676,0.18503,-0.71033,0.043926,0.18478,-0.66399
4911,0.95262,0.031768,0.3025,-0.013743,0.99801,-0.06153,-0.30385,0.054458,0.95116,3.7013,17.608,-1.91,0.02936,0.15348,-0.01152,0.98765,0.18737,0.97953,-0.073521,18.03,-28.463,139.5,-582.39,-0.022901,0.19325,-0.63713,-0.064268,0.1844,-0.70828,-0.023663,0.18509,-0.71039,0.045011,0.18463,-0.66111
4912,0.93864,0.030277,0.34356,-0.011045,0.99827,-0.057798,-0.34472,0.050457,0.93735,3.5285,20.094,-1.8475,0.027499,0.17484,-0.010497,0.98416,0.1551,0.98612,-0.059205,20.425,-31.158,139.28,-582.8,-0.023066,0.19319,-0.63706,-0.061295,0.18473,-0.70986,-0.020607,0.1853,-0.71024,0.045836,0.1848,-0.65799
4914,0.92261,0.031904,0.38441,-0.010785,0.99832,-0.05697,-0.38558,0.048415,0.9214,3.538,22.607,-1.9805,0.026881,0.19641,-0.010889,0.98009,0.1354,0.98927,-0.054846,22.903,-33.707,138.97,-583.23,-0.023327,0.19297,-0.63702,-0.058315,0.18454,-0.71144,-0.01764,0.18517,-0.71003,0.046442,0.18479,-0.65488
4915,0.9045,0.028449,0.42552,-0.0044603,0.99835,-0.057265,-0.42645,0.049899,0.90314,3.6281,25.184,-1.8015,0.027465,0.21835,-0.0084344,0.97545,0.12471,0.99145,-0.038297,25.446,-36.358,138.81,-583.71,-0.023618,0.19285,-0.63695,-0.055263,0.18445,-0.71293,-0.01471,0.18511,-0.70961,0.046893,0.18422,-0.65182
4917,0.88522,0.024971,0.46451,0.0025448,0.99828,-0.058516,-0.46517,0.052982,0.88363,3.7887,27.678,-1.6158,0.028723,0.2395,-0.0057773,0.97046,0.11904,0.9926,-0.023944,27.924,-38.988,138.82,-584.1,-0.023998,0.19283,-0.63678,-0.05234,0.18436,-0.71404,-0.011956,0.18505,-0.70898,0.047119,0.18365,-0.64875
4918,0.86546,0.022735,0.50046,0.0087791,0.99813,-0.060525,-0.5009,0.056775,0.86364,4.0088,30.03,-1.5047,0.030379,0.25934,-0.0036143,0.9653,0.11633,0.99311,-0.013841,30.275,-41.373,139.0,-584.32,-0.024415,0.19297,-0.63644,-0.049618,0.18425,-0.71498,-0.0094692,0.18509,-0.7082,0.047092,0.1832,-0.64574
4920,0.82755,0.019891,0.56104,0.011151,0.99859,-0.051853,-0.56128,0.049167,0.82617,3.5913,34.127,-1.3769,0.02643,0.29363,-0.0022867,0.95555,0.089645,0.99594,-0.007756,34.294,-46.23,138.16,-585.28,-0.025555,0.19251,-0.63563,-0.045094,0.18445,-0.71578,-0.0055035,0.18518,-0.70611,0.046411,0.18303,-0.63977
4922,0.80875,0.015612,0.58794,0.014437,0.99882,-0.046382,-0.58797,0.046,0.80757,3.2871,36.011,-1.1059,0.024294,0.30923,-0.00030888,0.95068,0.078319,0.99693,-0.00099581,36.141,-48.69,137.82,-585.94,-0.026181,0.19235,-0.63529,-0.043059,0.18479,-0.71593,-0.0038638,0.18532,-0.70507,0.045898,0.18284,-0.63709
4923,0.7898,0.012793,0.61323,0.020376,0.99868,-0.047077,-0.61302,0.049677,0.7885,3.4168,37.823,-0.928,0.025579,0.32418,0.0020046,0.94565,0.078656,0.99688,0.0061641,37.955,-50.97,137.98,-586.28,-0.02682,0.1924,-0.63498,-0.041184,0.18474,-0.71623,-0.0023097,0.18521,-0.70413,0.045287,0.18244,-0.63476
4925,0.77253,0.013566,0.63483,0.021002,0.99868,-0.046899,-0.63463,0.049563,0.77123,3.4799,39.408,-1.006,0.025626,0.33724,0.0019754,0.94107,0.075767,0.99711,0.0058407,39.537,-52.379,137.76,-586.65,-0.027399,0.19234,-0.63475,-0.039515,0.18444,-0.71652,-0.00099169,0.18529,-0.70321,0.044673,0.18212,-0.63253
4926,0.75488,0.010951,0.65577,0.022552,0.99884,-0.042641,-0.65548,0.046978,0.75375,3.2379,40.978,-0.83115,0.023926,0.35007,0.0030972,0.93641,0.068185,0.99763,0.0088264,41.085,-54.734,137.48,-587.54,-0.028029,0.19209,-0.63467,-0.037899,0.18466,-0.71662,0.00025189,0.18515,-0.70241,0.043925,0.1821,-0.63051
4928,0.73736,0.011188,0.67541,0.021412,0.99897,-0.039925,-0.67516,0.043901,0.73636,3.1035,42.486,-0.86931,0.022491,0.36237,0.0027432,0.93176,0.061946,0.99805,0.0075554,42.579,-56.283,137.2,-588.32,-0.028665,0.19203,-0.63466,-0.036373,0.18468,-0.71687,0.0013728,0.18537,-0.70153,0.043215,0.18207,-0.62858
4929,0.72033,0.0095131,0.69356,0.027563,0.99872,-0.042326,-0.69308,0.049605,0.71915,3.3682,43.913,-0.75664,0.024789,0.37391,0.0048671,0.92712,0.066146,0.99773,0.012987,44.019,-58.173,137.58,-588.77,-0.029307,0.19219,-0.6346,-0.034986,0.18453,-0.71716,0.002401,0.18521,-0.70089,0.042369,0.18173,-0.62699
4931,0.70424,0.0070279,0.70992,0.027751,0.99891,-0.037417,-0.70942,0.046052,0.70328,3.0455,45.229,-0.57175,0.022612,0.38451,0.0056139,0.92283,0.058701,0.99817,0.014574,45.314,-59.989,137.38,-589.78,-0.02985,0.19212,-0.63464,-0.033628,0.18493,-0.71719,0.0033432,0.18536,-0.70014,0.041621,0.18186,-0.62528
4932,0.68795,0.0098356,0.72569,0.025555,0.99896,-0.037766,-0.72531,0.044526,0.68699,3.1465,46.526,-0.8191,0.022401,0.39498,0.004279,0.91841,0.05662,0.99834,0.010816,46.611,-60.997,137.03,-590.39,-0.030376,0.19193,-0.63472,-0.032287,0.18451,-0.71749,0.0043426,0.18533,-0.69939,0.040861,0.18168,-0.62374
4934,0.65786,0.0044625,0.75312,0.029745,0.99905,-0.031903,-0.75255,0.043389,0.65711,2.7795,48.862,-0.38865,0.020679,0.41354,0.006944,0.91022,0.049936,0.99861,0.016768,48.928,-64.047,136.96,-591.62,-0.031547,0.192,-0.63441,-0.030077,0.18494,-0.71727,0.005754,0.18562,-0.69774,0.039216,0.18144,-0.62076
4936,0.64472,0.0038541,0.76441,0.028088,0.99919,-0.028728,-0.7639,0.039992,0.64409,2.5538,49.854,-0.34251,0.018949,0.42142,0.0066822,0.90664,0.044913,0.99887,0.015838,49.909,-65.361,136.65,-592.27,-0.032183,0.19186,-0.63432,-0.029271,0.18506,-0.7171,0.0062028,0.18571,-0.69697,0.038334,0.18146,-0.61934
4937,0.63143,-0.0031427,0.77543,0.029082,0.99938,-0.019631,-0.77489,0.034947,0.63113,1.7816,50.844,0.28516,0.01511,0.42919,0.0089212,0.90304,0.035175,0.99917,0.020769,50.878,-67.137,136.12,-593.37,-0.032963,0.19157,-0.63428,-0.028659,0.1856,-0.71682,0.006481,0.18586,-0.69623,0.037324,0.18117,-0.61825
4940,0.608,-0.0010281,0.79394,0.026783,0.99946,-0.019216,-0.79348,0.032948,0.6077,1.8112,52.555,0.09688,0.014546,0.44265,0.0077551,0.89654,0.032838,0.99931,0.017508,52.585,-69.418,135.9,-594.09,-0.034581,0.19157,-0.63413,-0.027768,0.18541,-0.71674,0.0067589,0.18607,-0.69495,0.0352,0.18112,-0.61607
4942,0.59494,0.0026626,0.80377,0.018787,0.99968,-0.017217,-0.80355,0.025344,0.59469,1.6584,53.492,-0.25642,0.011916,0.45001,0.0045145,0.89293,0.026469,0.9996,0.010028,53.512,-70.569,135.24,-594.7,-0.035567,0.19127,-0.63409,-0.027362,0.18529,-0.71661,0.0068101,0.18622,-0.6942,0.034001,0.18135,-0.61478
4943,0.58165,-0.0022756,0.81343,0.021945,0.99968,-0.012896,-0.81314,0.025352,0.58151,1.2704,54.433,0.22415,0.010753,0.4573,0.0068096,0.88922,0.023505,0.99961,0.014885,54.449,-72.248,135.33,-595.27,-0.036483,0.19143,-0.63387,-0.026922,0.18574,-0.71626,0.0068433,0.18651,-0.69333,0.032747,0.18119,-0.61363
4945,0.56774,-0.005932,0.82319,0.016323,0.99986,-0.0040529,-0.82305,0.015738,0.56776,0.409,55.405,0.59863,0.0055885,0.46485,0.0062844,0.88535,0.01202,0.99984,0.013517,55.411,-74.003,134.54,-596.42,-0.037453,0.19101,-0.63373,-0.026485,0.18627,-0.71581,0.006875,0.18669,-0.69246,0.031464,0.18131,-0.61221
4946,0.55339,-0.01147,0.83284,0.017907,0.99984,0.0018714,-0.83273,0.013878,0.5535,-0.19372,56.392,1.1874,0.0034059,0.47248,0.0083333,0.8813,0.0072073,0.99982,0.017634,56.402,-75.757,134.34,-597.19,-0.038434,0.19094,-0.63352,-0.026068,0.18667,-0.7154,0.0069172,0.18686,-0.6915,0.030136,0.18104,-0.61102
4949,0.52536,-0.012453,0.85079,0.013088,0.99989,0.0065532,-0.85078,0.0076926,0.52547,-0.71451,58.298,1.3578,0.00032617,0.4871,0.0073115,0.87332,0.00066953,0.99989,0.015009,58.308,-78.163,133.58,-598.19,-0.040235,0.19062,-0.63318,-0.025093,0.18662,-0.71482,0.0070996,0.1871,-0.68966,0.027532,0.18073,-0.60843
4951,0.51079,-0.014731,0.85958,0.012681,0.99987,0.0096002,-0.85961,0.0059964,0.51091,-1.0765,59.27,1.652,-0.0010366,0.49451,0.0078848,0.86913,-0.002096,0.99987,0.015942,59.284,-79.979,133.58,-599.02,-0.041139,0.19061,-0.63301,-0.024572,0.18697,-0.71444,0.0071536,0.18714,-0.68878,0.026263,0.18088,-0.6071
4952,0.49703,-0.019644,0.86751,0.0098939,0.99981,0.016971,-0.86768,0.00014779,0.49713,-1.9553,60.171,2.2634,-0.0048615,0.50141,0.0085356,0.86515,-0.0096937,0.99981,0.01702,60.199,-81.125,132.93,-599.96,-0.042024,0.19035,-0.63298,-0.02416,0.18729,-0.71408,0.0071051,0.18746,-0.68795,0.024971,0.18052,-0.60619
4955,0.4754,-0.021795,0.8795,0.0059709,0.99975,0.021548,-0.87975,-0.0049924,0.47541,-2.5951,61.582,2.6249,-0.0077254,0.51209,0.0080822,0.85886,-0.015082,0.99976,0.015779,61.622,-83.579,132.53,-601.43,-0.043718,0.19016,-0.63314,-0.023838,0.18759,-0.71377,0.00681,0.18763,-0.68692,0.022638,0.18055,-0.6047
4958,0.45982,-0.020994,0.88776,-0.0016482,0.9997,0.024495,-0.88801,-0.012726,0.45965,-3.0504,62.594,2.6141,-0.010893,0.51967,0.0056614,0.85428,-0.020955,0.99972,0.010891,62.64,-85.239,131.86,-602.93,-0.045169,0.18985,-0.63373,-0.023872,0.1877,-0.71395,0.006302,0.18781,-0.68653,0.020723,0.18069,-0.60405
4963,0.44447,-0.019035,0.89559,0.00039301,0.99978,0.021054,-0.89579,-0.0090058,0.44438,-2.7126,63.585,2.4522,-0.0088432,0.527,0.0057154,0.8498,-0.016777,0.9998,0.010843,63.621,-87.557,132.22,-604.71,-0.046649,0.18994,-0.63489,-0.023931,0.18753,-0.7148,0.0057516,0.18754,-0.68693,0.018731,0.18083,-0.60405
4968,0.42873,-0.016545,0.90328,-0.0034391,0.9998,0.019945,-0.90343,-0.011658,0.42858,-2.6645,64.593,2.2101,-0.0093484,0.53444,0.0038769,0.84515,-0.017489,0.99982,0.0072529,64.624,-88.972,131.77,-607.14,-0.047628,0.18956,-0.6366,-0.023575,0.18719,-0.71594,0.0056816,0.18724,-0.68765,0.017196,0.1808,-0.60452
4972,0.41638,-0.012865,0.9091,-0.00043621,0.9999,0.01435,-0.90919,-0.0063717,0.41634,-1.9741,65.381,1.7697,-0.006156,0.54018,0.0036924,0.84152,-0.011395,0.99991,0.006835,65.398,-90.193,132.21,-608.14,-0.048384,0.18974,-0.63743,-0.023186,0.1868,-0.71663,0.0056584,0.18701,-0.68781,0.01601,0.18086,-0.60449
4976,0.40194,-0.014828,0.91555,-0.0016817,0.99986,0.016931,-0.91567,-0.008345,0.40185,-2.4126,66.284,2.1127,-0.0075478,0.54682,0.0039255,0.8372,-0.013801,0.99988,0.0071779,66.308,-91.612,131.78,-609.47,-0.04944,0.18944,-0.63798,-0.023012,0.18671,-0.71676,0.0053541,0.18691,-0.68742,0.014356,0.18053,-0.6041
4981,0.38524,-0.013279,0.92272,-0.0027358,0.99988,0.015531,-0.92281,-0.0085076,0.38516,-2.3091,67.327,1.9741,-0.0072214,0.55441,0.0031672,0.83221,-0.013024,0.9999,0.0057121,67.348,-92.991,131.46,-610.71,-0.050453,0.18916,-0.63861,-0.022606,0.1863,-0.71689,0.0052519,0.18664,-0.68702,0.012739,0.18026,-0.60346
4985,0.36819,-0.013703,0.92965,-0.0042549,0.99986,0.016423,-0.92974,-0.010002,0.36807,-2.5547,68.381,2.1314,-0.0079875,0.56205,0.0028558,0.82706,-0.01421,0.99989,0.0050805,68.404,-94.723,131.31,-611.79,-0.051715,0.18907,-0.63881,-0.022386,0.18633,-0.71662,0.0048753,0.18665,-0.68624,0.010867,0.18023,-0.60262
4990,0.35187,-0.013069,0.93596,-0.0083187,0.99982,0.017088,-0.93601,-0.013799,0.3517,-2.7817,69.383,2.1271,-0.0093928,0.56926,0.0014446,0.8221,-0.016498,0.99986,0.0025373,69.409,-95.976,130.92,-612.95,-0.052819,0.18891,-0.63924,-0.022142,0.1863,-0.71648,0.0045649,0.18678,-0.68563,0.0090852,0.1802,-0.60186
4993,0.34008,-0.017371,0.94024,-0.0048334,0.99978,0.02022,-0.94039,-0.011421,0.33992,-3.4042,70.091,2.9242,-0.0096641,0.57441,0.0038296,0.8185,-0.016822,0.99984,0.0066658,70.13,-97.216,130.99,-613.85,-0.053466,0.18888,-0.63937,-0.021815,0.18643,-0.71623,0.0044929,0.18666,-0.68509,0.0079559,0.17986,-0.60129
4994,0.33304,-0.021041,0.94268,-0.0055975,0.99969,0.024291,-0.9429,-0.013366,0.33281,-4.1745,70.507,3.6151,-0.011533,0.57746,0.0047296,0.81632,-0.019967,0.99977,0.0081885,70.563,-97.918,130.67,-614.64,-0.05386,0.18863,-0.63947,-0.02168,0.18658,-0.71601,0.0044288,0.18657,-0.68474,0.0073135,0.17961,-0.60102
4997,0.31896,-0.021914,0.94751,-0.0081045,0.99963,0.025848,-0.94773,-0.015924,0.31867,-4.6372,71.354,3.9303,-0.012861,0.58352,0.0042519,0.81198,-0.022034,0.99973,0.0072846,71.42,-99.108,130.35,-615.59,-0.054862,0.18846,-0.63972,-0.02155,0.18658,-0.7158,0.0041249,0.18662,-0.68409,0.0057758,0.17946,-0.60038
5002,0.30029,-0.019271,0.95365,-0.014467,0.99959,0.024754,-0.95374,-0.02123,0.29989,-4.7188,72.488,3.6718,-0.01426,0.59148,0.0014898,0.80619,-0.024101,0.99971,0.0025181,72.549,-101.27,129.67,-617.09,-0.056872,0.18801,-0.64036,-0.022012,0.18628,-0.71582,0.0029809,0.18648,-0.68359,0.0029593,0.17943,-0.5997
5006,0.2816,-0.017698,0.95937,-0.021272,0.99947,0.024682,-0.9593,-0.027358,0.28107,-5.0185,73.611,3.5963,-0.016256,0.59933,-0.0011164,0.80033,-0.027113,0.99963,-0.001862,73.676,-103.08,128.92,-618.83,-0.058707,0.18759,-0.64131,-0.022374,0.18606,-0.71607,0.0019985,0.18648,-0.6833,0.00038279,0.17929,-0.59952
5010,0.26712,-0.019281,0.96347,-0.023445,0.99937,0.026499,-0.96338,-0.029667,0.2665,-5.6786,74.466,4.1285,-0.017645,0.60534,-0.0013081,0.79577,-0.029137,0.99957,-0.00216,74.544,-105.07,128.75,-620.27,-0.060357,0.1875,-0.64185,-0.022892,0.18625,-0.71605,0.0010022,0.18655,-0.68296,-0.0019095,0.17931,-0.59924
5012,0.25764,-0.020996,0.96601,-0.030971,0.99907,0.029975,-0.96574,-0.037641,0.25675,-6.6589,75.019,4.6589,-0.021325,0.60924,-0.003146,0.7927,-0.034981,0.99937,-0.0051605,75.124,-106.33,128.03,-621.65,-0.061316,0.18696,-0.64208,-0.023142,0.18651,-0.71581,0.00041688,0.18639,-0.68263,-0.0031979,0.17945,-0.59882
5014,0.25057,-0.023282,0.96782,-0.032552,0.99894,0.032458,-0.96755,-0.039638,0.24955,-7.4107,75.425,5.3083,-0.022803,0.61213,-0.0029322,0.79042,-0.037226,0.9993,-0.0047868,75.55,-107.06,127.86,-622.07,-0.062028,0.18693,-0.64206,-0.023298,0.18671,-0.71549,5.6412e-06,0.18659,-0.68218,-0.0042404,0.17934,-0.5984
5016,0.23748,-0.024721,0.97108,-0.038814,0.99864,0.034915,-0.97062,-0.045983,0.2362,-8.4085,76.186,5.9428,-0.025725,0.61745,-0.0044816,0.78618,-0.041627,0.99911,-0.0072518,76.34,-108.05,127.27,-622.83,-0.063131,0.18667,-0.64207,-0.023416,0.18688,-0.71501,-0.00056256,0.18682,-0.68129,-0.0058952,0.17926,-0.59769
5018,0.22652,-0.025282,0.97368,-0.046521,0.99824,0.036742,-0.9729,-0.053619,0.22494,-9.2769,76.825,6.3686,-0.028867,0.62185,-0.0067848,0.78258,-0.046368,0.99886,-0.010898,77.006,-108.39,126.37,-623.59,-0.063782,0.18618,-0.64227,-0.023267,0.18681,-0.71476,-0.00075389,0.18691,-0.6807,-0.0069987,0.17901,-0.59719
5023,0.20934,-0.024581,0.97753,-0.043458,0.99846,0.034414,-0.97688,-0.049686,0.20795,-9.3968,77.832,6.6971,-0.027054,0.62872,-0.0060725,0.77713,-0.042989,0.99903,-0.0096491,78.002,-109.47,126.68,-624.47,-0.064295,0.18629,-0.64244,-0.022417,0.18667,-0.7143,-0.00057079,0.18673,-0.67985,-0.008379,0.17899,-0.5963
5024,0.20383,-0.026617,0.97865,-0.041749,0.99848,0.035852,-0.97812,-0.048165,0.20241,-10.044,78.138,7.4399,-0.02709,0.63092,-0.004879,0.77536,-0.042896,0.99905,-0.0077258,78.325,-109.76,126.69,-624.79,-0.064459,0.18628,-0.64248,-0.022172,0.18665,-0.71412,-0.0005365,0.18669,-0.67952,-0.0087889,0.17872,-0.59616
5027,0.19527,-0.028138,0.98035,-0.039239,0.99856,0.036476,-0.97996,-0.045591,0.19388,-10.655,78.622,8.1996,-0.026555,0.63431,-0.0035923,0.77261,-0.041827,0.99911,-0.0056582,78.822,-110.48,126.91,-625.28,-0.064853,0.18638,-0.64252,-0.021935,0.18671,-0.71379,-0.00060303,0.18665,-0.67903,-0.0096572,0.17863,-0.59576
5031,0.18107,-0.028353,0.98306,-0.043801,0.99836,0.036862,-0.98249,-0.049734,0.17954,-11.603,79.439,8.8993,-0.028191,0.63987,-0.005029,0.76795,-0.044013,0.999,-0.0078515,79.66,-111.32,126.43,-627.06,-0.065536,0.18603,-0.64341,-0.021644,0.18668,-0.71397,-0.00077193,0.18652,-0.67896,-0.010911,0.17859,-0.59582
5034,0.16797,-0.024321,0.98549,-0.051059,0.99814,0.033335,-0.98447,-0.055917,0.16641,-11.327,80.228,8.2388,-0.02922,0.64493,-0.0087536,0.76363,-0.045256,0.99888,-0.013558,80.43,-112.06,125.76,-629.01,-0.066326,0.18556,-0.64478,-0.021537,0.18638,-0.71469,-0.0011256,0.18633,-0.67942,-0.012371,0.17874,-0.59629
5037,0.15795,-0.020939,0.98723,-0.047234,0.99847,0.028735,-0.98632,-0.051169,0.15672,-10.39,80.832,7.5515,-0.026269,0.64881,-0.0086446,0.76045,-0.040451,0.99909,-0.013312,80.992,-113.18,126.14,-629.97,-0.06724,0.18579,-0.64574,-0.021667,0.18602,-0.71531,-0.0016595,0.18624,-0.67975,-0.013781,0.17876,-0.59672
5039,0.14798,-0.020937,0.98877,-0.050779,0.9983,0.028739,-0.98769,-0.054461,0.14667,-11.086,81.405,8.053,-0.027472,0.65262,-0.0098537,0.75712,-0.042054,0.999,-0.015084,81.577,-114.15,125.7,-631.56,-0.068033,0.1854,-0.64657,-0.0218,0.18595,-0.7156,-0.0021268,0.18598,-0.67993,-0.01502,0.17873,-0.59699
5045,0.1301,-0.017754,0.99134,-0.051041,0.99839,0.024578,-0.99019,-0.053797,0.12899,-10.788,82.455,7.7705,-0.026082,0.65941,-0.011077,0.75125,-0.039516,0.99908,-0.016783,82.603,-115.81,125.67,-633.14,-0.069608,0.1854,-0.64775,-0.022091,0.1856,-0.716,-0.0031021,0.18595,-0.6799,-0.017592,0.1787,-0.59719
5048,0.1237,-0.018354,0.99215,-0.052332,0.99832,0.024993,-0.99094,-0.055013,0.12253,-11.529,82.816,8.4397,-0.026701,0.66183,-0.01134,0.74909,-0.040305,0.99904,-0.017118,82.977,-116.41,125.45,-633.64,-0.070176,0.18524,-0.64791,-0.022221,0.18555,-0.71587,-0.0034437,0.18589,-0.67962,-0.018419,0.17856,-0.59703
5049,0.12046,-0.019483,0.99253,-0.053546,0.99822,0.026094,-0.99127,-0.05629,0.11921,-12.347,82.991,9.1873,-0.027535,0.66305,-0.011385,0.74798,-0.041486,0.99899,-0.017153,83.169,-116.61,125.19,-633.94,-0.070416,0.18506,-0.64799,-0.022246,0.1855,-0.71579,-0.0035737,0.18583,-0.67947,-0.018795,0.17836,-0.59699
5051,0.11749,-0.0203,0.99287,-0.057045,0.998,0.027156,-0.99143,-0.059829,0.1161,-13.165,83.152,9.803,-0.029114,0.66416,-0.012299,0.74693,-0.043787,0.99887,-0.018497,83.35,-116.72,124.79,-634.28,-0.070638,0.18481,-0.64806,-0.022295,0.18553,-0.71567,-0.0037044,0.18582,-0.67933,-0.01915,0.17827,-0.59687
5057,0.10659,-0.019261,0.99412,-0.060994,0.9978,0.025872,-0.99243,-0.063393,0.10518,-13.819,83.782,10.243,-0.030026,0.66821,-0.014038,0.74323,-0.044879,0.99877,-0.020982,83.985,-117.33,124.48,-635.06,-0.071142,0.18458,-0.64816,-0.022103,0.18553,-0.7152,-0.0039131,0.18573,-0.67866,-0.020213,0.17843,-0.59636
5064,0.1031,-0.020105,0.99447,-0.061959,0.99772,0.026595,-0.99274,-0.064359,0.10162,-14.666,83.97,11.035,-0.030643,0.66952,-0.014101,0.74203,-0.045711,0.99873,-0.021035,84.19,-116.97,124.38,-634.86,-0.070799,0.18453,-0.64775,-0.021553,0.18558,-0.71457,-0.0034449,0.18577,-0.67802,-0.019996,0.17837,-0.59585
5066,0.10419,-0.022358,0.99431,-0.059563,0.99781,0.028679,-0.99277,-0.062212,0.10263,-15.612,83.883,12.111,-0.030607,0.66914,-0.012529,0.7424,-0.045685,0.99878,-0.018701,84.127,-117.04,124.45,-634.51,-0.070721,0.18452,-0.64729,-0.021541,0.1856,-0.71415,-0.003412,0.18565,-0.67767,-0.019886,0.17815,-0.59546
5070,0.10696,-0.024714,0.99396,-0.055122,0.99801,0.030746,-0.99273,-0.058077,0.10539,-16.264,83.697,13.01,-0.029872,0.66814,-0.010226,0.74336,-0.044659,0.99889,-0.015289,83.963,-117.06,124.77,-633.4,-0.070586,0.18469,-0.6463,-0.021562,0.18564,-0.71333,-0.0033459,0.18563,-0.67689,-0.019633,0.17793,-0.59463
5076,0.10911,-0.026829,0.99367,-0.054952,0.99794,0.032979,-0.99251,-0.058202,0.10741,-17.068,83.548,13.814,-0.030636,0.66735,-0.0094492,0.74405,-0.045855,0.99885,-0.014143,83.844,-116.68,124.61,-632.52,-0.070347,0.18461,-0.64554,-0.021449,0.18564,-0.71272,-0.0031688,0.18567,-0.67624,-0.019303,0.17763,-0.59405
5099,0.12497,-0.031936,0.99165,-0.058688,0.99749,0.039521,-0.99042,-0.063137,0.12278,-17.842,82.589,14.335,-0.034255,0.66139,-0.0089268,0.74921,-0.051719,0.99857,-0.013478,82.956,-116.97,124.1,-630.09,-0.070851,0.18425,-0.64319,-0.023081,0.18601,-0.71103,-0.0041859,0.18564,-0.67498,-0.018925,0.17743,-0.59249
5103,0.13399,-0.032584,0.99045,-0.058978,0.99743,0.040792,-0.98923,-0.06388,0.13172,-17.207,82.074,13.669,-0.034789,0.65797,-0.0087722,0.75219,-0.052795,0.99852,-0.013312,82.44,-116.67,124.13,-628.85,-0.07073,0.18433,-0.64235,-0.023593,0.18615,-0.7106,-0.0043713,0.1858,-0.67473,-0.018318,0.17749,-0.59211
5106,0.14012,-0.030912,0.98965,-0.057714,0.99756,0.03933,-0.98845,-0.062628,0.138,-15.908,81.75,12.44,-0.033794,0.65564,-0.0088836,0.75427,-0.05147,0.99858,-0.01353,82.077,-116.48,124.36,-627.88,-0.070545,0.18448,-0.64175,-0.023795,0.18614,-0.71035,-0.0043801,0.18582,-0.67456,-0.017851,0.1777,-0.5918
5112,0.15592,-0.035306,0.98714,-0.04678,0.99798,0.043082,-0.98666,-0.052896,0.15395,-15.634,80.801,12.759,-0.031589,0.64964,-0.0037765,0.75958,-0.048568,0.9988,-0.0058063,81.146,-115.61,125.13,-625.42,-0.069612,0.18497,-0.64023,-0.023894,0.18619,-0.70968,-0.0039509,0.18587,-0.67412,-0.016258,0.17722,-0.59135
5114,0.16128,-0.032273,0.98638,-0.05098,0.99786,0.040984,-0.98559,-0.056895,0.15929,-14.429,80.533,11.316,-0.032141,0.64755,-0.0061428,0.76132,-0.049572,0.99873,-0.0094741,80.839,-115.06,124.96,-624.68,-0.069329,0.18494,-0.63979,-0.024024,0.18623,-0.70947,-0.0038618,0.18602,-0.67399,-0.015689,0.1776,-0.59111
5116,0.16641,-0.030324,0.98559,-0.054285,0.99773,0.039863,-0.98456,-0.060136,0.16438,-13.631,80.262,10.328,-0.032766,0.64555,-0.0078509,0.76297,-0.050688,0.99864,-0.012145,80.546,-114.53,124.72,-624.19,-0.069056,0.18482,-0.63958,-0.02413,0.1862,-0.70947,-0.0037772,0.18606,-0.67409,-0.015157,0.17778,-0.59112
5119,0.18052,-0.032038,0.98305,-0.049575,0.9979,0.041626,-0.98232,-0.056249,0.17856,-13.123,79.435,10.064,-0.031876,0.64008,-0.0057113,0.76762,-0.049736,0.99872,-0.0089114,79.718,-113.48,125.2,-622.94,-0.067991,0.18513,-0.63893,-0.024073,0.18639,-0.70945,-0.0032043,0.18614,-0.67441,-0.013332,0.1778,-0.59131
5120,0.19201,-0.03186,0.98088,-0.044153,0.99818,0.041066,-0.9804,-0.051193,0.19026,-12.18,78.776,9.4211,-0.029898,0.63559,-0.0039836,0.77144,-0.046987,0.99888,-0.0062605,79.034,-112.81,125.72,-621.86,-0.067277,0.18544,-0.63851,-0.024156,0.18637,-0.70959,-0.0029206,0.18612,-0.67478,-0.012198,0.17785,-0.59154
5129,0.27024,-0.02431,0.96249,-0.033961,0.99882,0.034763,-0.96219,-0.042081,0.2691,-7.3609,74.256,5.1403,-0.024117,0.60404,-0.0030287,0.79658,-0.039893,0.99919,-0.0050101,74.39,-107.62,127.31,-616.5,-0.063242,0.18656,-0.63741,-0.026003,0.18648,-0.71167,-0.0020333,0.18645,-0.67875,-0.0045575,0.17892,-0.59498
5131,0.28042,-0.022556,0.95961,-0.029411,0.99905,0.032078,-0.95943,-0.037219,0.27949,-6.5473,73.661,4.5988,-0.021659,0.59982,-0.0021428,0.79984,-0.036086,0.99934,-0.00357,73.771,-106.96,127.93,-615.63,-0.062628,0.18696,-0.63725,-0.026152,0.18647,-0.71196,-0.0018486,0.1865,-0.67927,-0.003521,0.17915,-0.59549
5133,0.29498,-0.019577,0.9553,-0.033791,0.99895,0.030906,-0.95491,-0.041397,0.29401,-6.0007,72.805,3.797,-0.022472,0.59371,-0.0044179,0.80435,-0.037823,0.99926,-0.0074357,72.904,-105.43,127.63,-614.66,-0.061894,0.1869,-0.63719,-0.026567,0.18639,-0.71245,-0.0017477,0.18674,-0.68007,-0.0021112,0.17932,-0.59634
5135,0.30899,-0.015084,0.95094,-0.035642,0.99899,0.027427,-0.9504,-0.042368,0.30814,-5.0864,71.979,2.7948,-0.021576,0.58776,-0.006355,0.80872,-0.036682,0.99927,-0.010804,72.057,-104.43,127.78,-613.72,-0.061295,0.18703,-0.63707,-0.027077,0.18632,-0.71285,-0.0017699,0.1868,-0.68083,-0.00090697,0.17979,-0.59698
5138,0.33235,-0.015159,0.94303,-0.029916,0.9992,0.026605,-0.94268,-0.037054,0.33163,-4.5867,70.567,2.6115,-0.019504,0.57776,-0.0045212,0.81596,-0.033738,0.9994,-0.0078208,70.634,-102.86,128.64,-612.05,-0.060097,0.18766,-0.63662,-0.027786,0.18663,-0.71318,-0.0016918,0.18709,-0.68182,0.0012257,0.18012,-0.59807
5141,0.35983,-0.014104,0.93291,-0.029987,0.99919,0.026673,-0.93254,-0.037573,0.35912,-4.2477,68.893,2.2446,-0.019484,0.56574,-0.0048169,0.82434,-0.034418,0.99937,-0.0085089,68.957,-101.11,128.94,-610.56,-0.05892,0.1879,-0.63626,-0.028862,0.18693,-0.71366,-0.0018835,0.18726,-0.6832,0.0035587,0.1806,-0.59949
5143,0.37808,-0.011647,0.9257,-0.026749,0.99937,0.023498,-0.92539,-0.033646,0.37753,-3.5617,67.774,1.7644,-0.017214,0.55762,-0.0045495,0.82991,-0.030855,0.99949,-0.0081546,67.822,-99.581,129.42,-608.78,-0.058187,0.18834,-0.63584,-0.029626,0.18679,-0.71396,-0.0020452,0.18753,-0.68386,0.0049222,0.18068,-0.60036
5144,0.39818,-0.013301,0.91721,-0.025896,0.99933,0.025734,-0.91694,-0.033999,0.39757,-3.7035,66.522,1.9132,-0.017864,0.54854,-0.0037669,0.83592,-0.032549,0.99945,-0.0068632,66.576,-98.548,129.65,-607.74,-0.05744,0.18849,-0.63539,-0.030603,0.1872,-0.71404,-0.002408,0.18764,-0.68463,0.0064107,0.18097,-0.60123
5146,0.41973,-0.011765,0.90757,-0.027548,0.99929,0.025694,-0.90723,-0.035787,0.41911,-3.5082,65.172,1.6055,-0.018247,0.53862,-0.0046844,0.84234,-0.033857,0.99939,-0.0086918,65.224,-96.85,129.64,-606.21,-0.056762,0.18863,-0.63501,-0.031804,0.18725,-0.71427,-0.0029197,0.18795,-0.68546,0.0079259,0.18112,-0.60241
5147,0.44648,-0.012633,0.89471,-0.024386,0.99936,0.02628,-0.89446,-0.033551,0.44588,-3.373,63.471,1.6208,-0.017592,0.52607,-0.0034557,0.85025,-0.033421,0.99942,-0.006565,63.522,-95.336,130.17,-604.37,-0.056109,0.18911,-0.63444,-0.033509,0.1876,-0.71439,-0.003784,0.18834,-0.68649,0.0094588,0.18135,-0.60384
5148,0.46682,-0.0068549,0.88433,-0.024951,0.99947,0.020919,-0.884,-0.03183,0.4664,-2.5681,62.169,0.84129,-0.015401,0.5163,-0.0052834,0.85626,-0.029815,0.9995,-0.010228,62.203,-94.267,130.53,-602.77,-0.055774,0.18931,-0.63406,-0.034979,0.18736,-0.71462,-0.0045983,0.18827,-0.68734,0.010497,0.18183,-0.60487
5150,0.5048,-0.0038274,0.86323,-0.031975,0.99922,0.023129,-0.86264,-0.039278,0.50428,-2.626,59.681,0.43441,-0.01799,0.49753,-0.0081144,0.86722,-0.036131,0.99921,-0.016297,59.725,-91.43,130.11,-600.56,-0.054994,0.18929,-0.63353,-0.037759,0.1875,-0.71477,-0.00621,0.18877,-0.68885,0.012537,0.18219,-0.60723
5151,0.52363,-0.0031153,0.85194,-0.030435,0.99929,0.02236,-0.8514,-0.037637,0.52316,-2.4474,58.423,0.34087,-0.017188,0.48798,-0.0078266,0.87265,-0.035197,0.99925,-0.016027,58.464,-90.527,130.4,-599.52,-0.054503,0.18941,-0.63323,-0.039039,0.18759,-0.71481,-0.0069675,0.18867,-0.68967,0.013604,0.18245,-0.6084
5153,0.56173,0.0019363,0.82732,-0.030929,0.99935,0.018661,-0.82674,-0.036071,0.56142,-1.9038,55.824,-0.1975,-0.015487,0.46803,-0.0092994,0.88353,-0.033065,0.99926,-0.019855,55.858,-87.737,130.94,-596.87,-0.053597,0.18989,-0.63258,-0.041833,0.18758,-0.71484,-0.0086451,0.189,-0.69113,0.015584,0.18299,-0.61089
5154,0.57977,0.00060309,0.81478,-0.026427,0.99949,0.018065,-0.81435,-0.032005,0.57949,-1.7855,54.566,-0.0596,-0.014086,0.45832,-0.0076042,0.88864,-0.030715,0.99939,-0.016581,54.593,-86.913,131.31,-595.87,-0.053191,0.19004,-0.63233,-0.043217,0.18763,-0.71481,-0.009551,0.18885,-0.69194,0.016445,0.18296,-0.61227
5156,0.61415,0.0065632,0.78916,-0.03476,0.99922,0.018741,-0.78842,-0.038942,0.6139,-1.7486,52.107,-0.61227,-0.016055,0.43908,-0.011501,0.89823,-0.036527,0.99899,-0.026168,52.147,-84.038,130.98,-594.11,-0.052323,0.18995,-0.63198,-0.045917,0.18761,-0.71467,-0.01129,0.18906,-0.69328,0.018171,0.18361,-0.61476
5157,0.63224,0.0073181,0.77474,-0.031597,0.99937,0.016346,-0.77413,-0.034814,0.63207,-1.4814,50.782,-0.66317,-0.014159,0.42868,-0.010771,0.90328,-0.033002,0.99914,-0.025103,50.814,-82.535,131.34,-592.71,-0.051891,0.1902,-0.6316,-0.047386,0.18745,-0.71455,-0.012258,0.18912,-0.69388,0.018948,0.18349,-0.61607
5159,0.66582,0.011615,0.74602,-0.03386,0.99932,0.014662,-0.74534,-0.035023,0.66576,-1.2616,48.247,-0.99939,-0.013612,0.40858,-0.012458,0.91254,-0.033281,0.99898,-0.030461,48.283,-80.26,131.83,-590.7,-0.051151,0.19054,-0.63097,-0.050314,0.18769,-0.71396,-0.014303,0.18925,-0.69496,0.020316,0.18433,-0.61849
5160,0.681,0.017457,0.73208,-0.039276,0.99915,0.01271,-0.73123,-0.037408,0.6811,-1.069,47.061,-1.4684,-0.013668,0.39908,-0.015472,0.91668,-0.034204,0.99866,-0.038718,47.108,-78.107,131.58,-589.58,-0.05079,0.19051,-0.63078,-0.051654,0.1872,-0.71387,-0.015281,0.18945,-0.69539,0.020938,0.18437,-0.61978
5162,0.7106,0.017851,0.70337,-0.038286,0.99918,0.013321,-0.70256,-0.036395,0.7107,-1.0738,44.698,-1.439,-0.013441,0.38009,-0.015177,0.92473,-0.035311,0.99858,-0.039872,44.746,-75.603,131.73,-587.95,-0.0498,0.19056,-0.63025,-0.054085,0.18724,-0.71313,-0.016982,0.18937,-0.6963,0.022281,0.18451,-0.62215
5163,0.725,0.017118,0.68853,-0.039325,0.99909,0.016569,-0.68762,-0.03909,0.72501,-1.3092,43.514,-1.3525,-0.014985,0.3705,-0.015196,0.92859,-0.040378,0.99835,-0.040947,43.568,-74.32,131.75,-587.24,-0.049348,0.19068,-0.62989,-0.055349,0.18761,-0.71256,-0.017925,0.18965,-0.69654,0.022901,0.18479,-0.62325
5165,0.7532,0.016428,0.65759,-0.03539,0.99925,0.015573,-0.65684,-0.035001,0.75322,-1.1844,41.116,-1.2494,-0.013505,0.35101,-0.013838,0.93617,-0.038418,0.99849,-0.039363,41.163,-71.979,132.17,-585.44,-0.048595,0.19091,-0.62925,-0.058034,0.18767,-0.71156,-0.020016,0.18961,-0.69717,0.023874,0.18481,-0.62572
5166,0.76643,0.022516,0.64194,-0.03882,0.99918,0.011301,-0.64116,-0.033582,0.76667,-0.84453,39.936,-1.6828,-0.011941,0.34135,-0.016318,0.93972,-0.034919,0.99825,-0.04772,39.991,-70.104,132.25,-584.38,-0.048201,0.19094,-0.629,-0.059334,0.18711,-0.71121,-0.020974,0.1895,-0.6975,0.024358,0.1849,-0.62698
5168,0.79151,0.0277,0.61052,-0.045802,0.99885,0.014062,-0.60943,-0.039094,0.79187,-1.0173,37.627,-2.0043,-0.014042,0.32228,-0.019418,0.94634,-0.043452,0.99725,-0.060084,37.71,-67.1,131.99,-583.12,-0.047259,0.19083,-0.62851,-0.06168,0.18707,-0.71014,-0.022813,0.1896,-0.69796,0.02537,0.18547,-0.6292
5169,0.80338,0.022302,0.59505,-0.035938,0.99929,0.011068,-0.59439,-0.030276,0.80361,-0.78904,36.516,-1.5901,-0.010886,0.31317,-0.015334,0.94951,-0.034697,0.9982,-0.048876,36.569,-66.654,132.87,-582.16,-0.046741,0.19125,-0.62811,-0.062745,0.18746,-0.70943,-0.023643,0.1894,-0.69824,0.025819,0.1854,-0.63034
5171,0.8242,0.025494,0.56572,-0.039571,0.99914,0.012626,-0.56491,-0.032792,0.8245,-0.87732,34.452,-1.7717,-0.01189,0.29599,-0.017033,0.95497,-0.040072,0.99755,-0.057406,34.521,-63.183,132.55,-581.1,-0.045687,0.19115,-0.62775,-0.064592,0.18713,-0.70839,-0.025129,0.18957,-0.69851,0.026751,0.18529,-0.63254
5172,0.83386,0.023908,0.55146,-0.038538,0.99915,0.014956,-0.55063,-0.033723,0.83407,-1.0273,33.467,-1.6423,-0.01271,0.28776,-0.016305,0.95748,-0.044056,0.99743,-0.056516,33.536,-62.298,132.68,-580.72,-0.04504,0.1912,-0.62756,-0.065317,0.18752,-0.70773,-0.025713,0.18956,-0.69863,0.027302,0.18562,-0.63347
5174,0.85191,0.025806,0.52304,-0.036662,0.99927,0.010412,-0.5224,-0.028046,0.85224,-0.69995,31.537,-1.735,-0.009992,0.27162,-0.01623,0.96221,-0.036696,0.99755,-0.059606,31.601,-59.391,133.19,-579.35,-0.043754,0.19145,-0.62707,-0.066727,0.18728,-0.70663,-0.026834,0.1894,-0.69887,0.028355,0.18564,-0.63542
5175,0.86057,0.023383,0.50879,-0.0366,0.9992,0.015985,-0.50801,-0.032378,0.86074,-1.0639,30.583,-1.5564,-0.012537,0.26357,-0.015549,0.96443,-0.047428,0.99714,-0.058823,30.654,-57.959,132.79,-579.2,-0.04315,0.1913,-0.62689,-0.067439,0.18753,-0.70592,-0.027414,0.18962,-0.69883,0.028806,0.18554,-0.63645
5177,0.8765,0.026827,0.48066,-0.03658,0.99927,0.010933,-0.48002,-0.027165,0.87684,-0.71434,28.729,-1.7531,-0.0098334,0.24796,-0.016366,0.96858,-0.03954,0.99705,-0.065807,28.801,-55.019,133.51,-577.9,-0.041925,0.19176,-0.62639,-0.068781,0.18743,-0.70475,-0.028532,0.18968,-0.69885,0.029679,0.18588,-0.63819
5179,0.88723,0.0271,0.46053,-0.038382,0.99915,0.015149,-0.45973,-0.031117,0.88751,-0.97789,27.422,-1.7495,-0.011908,0.23686,-0.016854,0.97132,-0.050085,0.99623,-0.070887,27.508,-53.38,133.21,-577.58,-0.041029,0.19151,-0.62621,-0.069633,0.18757,-0.70375,-0.029258,0.18954,-0.69891,0.030321,0.18613,-0.63946
5180,0.8973,0.022805,0.44084,-0.034201,0.99925,0.017923,-0.4401,-0.031159,0.89741,-1.1442,26.157,-1.4558,-0.012599,0.22613,-0.014633,0.9739,-0.055514,0.99637,-0.064476,26.236,-51.494,133.23,-577.12,-0.040043,0.19159,-0.62589,-0.070356,0.1879,-0.70276,-0.029908,0.18975,-0.69879,0.030931,0.18595,-0.64073
5182,0.90678,0.022107,0.42103,-0.031656,0.99938,0.015703,-0.42042,-0.027567,0.90691,-0.99196,24.9,-1.3966,-0.011079,0.21546,-0.013766,0.97635,-0.051251,0.99665,-0.063679,24.97,-49.219,133.46,-576.31,-0.039099,0.19177,-0.62544,-0.071117,0.18777,-0.70171,-0.030574,0.18981,-0.69858,0.031542,0.18567,-0.64199
5183,0.91627,0.021385,0.39999,-0.032407,0.99926,0.020811,-0.39925,-0.032031,0.91628,-1.3011,23.578,-1.337,-0.013497,0.20415,-0.01374,0.97875,-0.065823,0.99558,-0.067006,23.665,-47.436,133.16,-575.89,-0.038154,0.19159,-0.62506,-0.071919,0.18803,-0.70048,-0.031284,0.18984,-0.69835,0.03209,0.1859,-0.64303
5185,0.92514,0.021988,0.379,-0.031684,0.99931,0.019364,-0.37831,-0.029922,0.9252,-1.199,22.271,-1.3615,-0.01256,0.19299,-0.013677,0.98103,-0.064782,0.9954,-0.070546,22.358,-45.566,133.69,-575.01,-0.037191,0.19195,-0.62453,-0.072668,0.1883,-0.6992,-0.032022,0.18997,-0.698,0.032618,0.18632,-0.644
5186,0.93321,0.022702,0.35862,-0.033799,0.99912,0.024705,-0.35774,-0.035176,0.93316,-1.5165,21.015,-1.3935,-0.015228,0.18218,-0.014369,0.98304,-0.083044,0.99346,-0.078356,21.133,-43.184,133.15,-574.82,-0.036234,0.19171,-0.6242,-0.073322,0.18825,-0.69804,-0.03267,0.19015,-0.69762,0.03316,0.18625,-0.64514
5188,0.94086,0.020279,0.3382,-0.029393,0.99933,0.021849,-0.33753,-0.030497,0.94082,-1.3303,19.767,-1.2348,-0.013286,0.1715,-0.012607,0.98501,-0.077029,0.99435,-0.073095,19.864,-41.394,133.5,-574.05,-0.035189,0.19183,-0.62381,-0.073892,0.18829,-0.69684,-0.033238,0.18996,-0.69739,0.033691,0.18608,-0.64635
5189,0.94834,0.014883,0.31692,-0.022539,0.99954,0.020504,-0.31647,-0.026588,0.94823,-1.2388,18.477,-0.89914,-0.011929,0.16044,-0.0094796,0.98693,-0.074017,0.99552,-0.058819,18.549,-39.715,133.88,-573.39,-0.034137,0.19204,-0.62342,-0.074483,0.18866,-0.69551,-0.033827,0.18998,-0.69708,0.034203,0.18588,-0.64753
5191,0.95536,0.015078,0.29506,-0.024335,0.99932,0.027724,-0.29444,-0.033666,0.95508,-1.6627,17.161,-0.90422,-0.015524,0.14907,-0.0099663,0.98866,-0.10335,0.99243,-0.066352,17.277,-37.614,133.31,-573.36,-0.033108,0.19174,-0.62318,-0.075074,0.18884,-0.69426,-0.034464,0.19011,-0.69669,0.034672,0.18607,-0.64864
5192,0.96149,0.019492,0.27413,-0.027589,0.99929,0.02571,-0.27344,-0.032283,0.96135,-1.532,15.91,-1.1614,-0.014642,0.13824,-0.011887,0.99022,-0.10494,0.99082,-0.085193,16.041,-35.342,133.68,-572.71,-0.032112,0.19199,-0.62277,-0.075645,0.18874,-0.693,-0.035099,0.19014,-0.69631,0.035101,0.18653,-0.64964
5194,0.96735,0.01851,0.25277,-0.027028,0.99918,0.030268,-0.252,-0.036112,0.96705,-1.7927,14.641,-1.0962,-0.016734,0.12725,-0.01148,0.99166,-0.12987,0.98752,-0.089091,14.807,-33.264,133.29,-572.58,-0.031107,0.19178,-0.62249,-0.076163,0.18884,-0.69168,-0.035699,0.19022,-0.69589,0.035481,0.18648,-0.65075
5195,0.9728,0.015316,0.23114,-0.021853,0.99943,0.025746,-0.23061,-0.030097,0.97258,-1.5164,13.364,-0.90202,-0.014058,0.11624,-0.009357,0.99308,-0.11968,0.98961,-0.079661,13.491,-31.662,133.97,-571.76,-0.030042,0.1921,-0.62211,-0.076653,0.18914,-0.69025,-0.036253,0.19008,-0.69552,0.035907,0.18655,-0.65186
5197,0.97752,0.012407,0.2105,-0.019371,0.99933,0.031055,-0.20997,-0.034435,0.9771,-1.8204,12.151,-0.72718,-0.016468,0.10573,-0.0079907,0.99423,-0.15347,0.98534,-0.074471,12.319,-29.64,133.49,-571.81,-0.029045,0.19188,-0.62188,-0.077037,0.18932,-0.68892,-0.036774,0.19026,-0.69497,0.036255,0.18632,-0.65294
5198,0.9816,0.012274,0.19056,-0.018813,0.99929,0.032548,-0.19002,-0.035534,0.98114,-1.9,10.985,-0.71637,-0.017102,0.095599,-0.0078089,0.99524,-0.17553,0.98121,-0.080149,11.182,-27.402,133.37,-571.63,-0.027969,0.19186,-0.62158,-0.077319,0.18931,-0.68766,-0.037199,0.19037,-0.69447,0.036651,0.18625,-0.65394
5200,0.98483,0.010259,0.17324,-0.015506,0.99946,0.028961,-0.17285,-0.031208,0.98445,-1.685,9.9763,-0.59684,-0.015101,0.086863,-0.0064666,0.99608,-0.17082,0.98258,-0.073149,10.143,-25.557,133.72,-571.11,-0.026945,0.19205,-0.62123,-0.077498,0.18934,-0.68649,-0.037475,0.19033,-0.69403,0.03707,0.18606,-0.65485
5201,0.98773,0.010881,0.15582,-0.016537,0.99925,0.035046,-0.15532,-0.037193,0.98716,-2.0333,8.9643,-0.63117,-0.018118,0.078038,-0.0068768,0.99676,-0.22533,0.97052,-0.085523,9.2241,-23.881,133.27,-571.17,-0.02592,0.19178,-0.62106,-0.077577,0.1895,-0.68533,-0.037695,0.19035,-0.69362,0.037549,0.18632,-0.65557
5204,0.9919,0.012801,0.12639,-0.016751,0.9994,0.030241,-0.12593,-0.032113,0.99152,-1.747,7.261,-0.7394,-0.015622,0.063215,-0.007404,0.99785,-0.23837,0.96458,-0.11298,7.5153,-20.612,133.83,-570.54,-0.024208,0.19208,-0.62065,-0.077806,0.18939,-0.68342,-0.038162,0.19025,-0.69294,0.038182,0.1865,-0.65709
5207,0.99585,0.014059,0.089868,-0.016726,0.99944,0.028998,-0.08941,-0.030381,0.99553,-1.6685,5.156,-0.8088,-0.014862,0.044871,-0.007705,0.99885,-0.31032,0.93692,-0.16088,5.4901,-16.719,133.93,-570.41,-0.022317,0.19211,-0.6204,-0.078211,0.1892,-0.68122,-0.03894,0.19017,-0.69212,0.03864,0.18646,-0.65907
5209,0.99729,0.013184,0.072371,-0.015413,0.99942,0.030326,-0.071929,-0.031359,0.99692,-1.7424,4.1502,-0.75738,-0.015433,0.036104,-0.0071548,0.9992,-0.3867,0.90461,-0.17927,4.5746,-15.091,133.82,-570.65,-0.021546,0.19207,-0.62046,-0.078469,0.18926,-0.68026,-0.039408,0.19023,-0.69183,0.038725,0.1864,-0.66014
5212,0.99899,0.011448,0.043513,-0.012699,0.99951,0.028597,-0.043164,-0.02912,0.99864,-1.6402,2.4939,-0.65654,-0.014434,0.021677,-0.0060389,0.99964,-0.53993,0.81084,-0.22589,3.0638,-12.947,134.08,-570.9,-0.020515,0.19215,-0.62076,-0.079088,0.18943,-0.67877,-0.040355,0.19011,-0.69152,0.038608,0.18645,-0.66205
