frames,r11,r21,r31,r12,r22,r32,r13,r23,r33,roll,pitch,yaw,q1,q2,q3,q4,u1,u2,u3,angle,Sx,Sy,Sz,M1x,M1y,M1z,M2x,M2y,M2z,M3x,M3y,M3z,M4x,M4y,M4z
2850,0.99584,0.044326,0.079636,-0.034291,0.99178,-0.12323,-0.084444,0.11999,0.98918,7.1015,4.5676,-2.5486,0.060984,0.041139,-0.019711,0.9971,0.80075,0.54019,-0.25882,8.7355,-9.5546,98.202,-563.95,-0.010346,0.16419,-0.6262,-0.067982,0.15255,-0.68419,0.0023847,0.14966,-0.68246,0.048843,0.14981,-0.66509
2870,0.99666,0.052397,0.06257,-0.044241,0.99113,-0.12528,-0.06858,0.1221,0.99015,7.2114,3.5873,-3.0094,0.062017,0.032878,-0.024226,0.99724,0.83517,0.44277,-0.32625,8.5169,-10.179,98.91,-562.87,-0.012558,0.16472,-0.62528,-0.071124,0.15243,-0.68232,-0.00066725,0.15008,-0.68189,0.04607,0.15062,-0.66537
2873,0.99754,0.052973,0.045868,-0.047361,0.99214,-0.11581,-0.051642,0.11335,0.99221,6.6573,2.629,-3.0397,0.05742,0.024433,-0.02514,0.99773,0.8535,0.36317,-0.37369,7.7151,-9.7272,98.168,-563.12,-0.013306,0.16452,-0.62489,-0.072768,0.15268,-0.68088,-0.0023392,0.15047,-0.68157,0.044593,0.1509,-0.66583
2875,0.99822,0.054141,0.0251,-0.051145,0.99288,-0.10762,-0.030748,0.10615,0.99388,6.1801,1.4383,-3.1045,0.053542,0.013988,-0.026371,0.99812,0.87343,0.22819,-0.43019,7.029,-9.1429,97.592,-563.09,-0.013873,0.16435,-0.62435,-0.074451,0.15301,-0.67908,-0.0040382,0.15068,-0.68118,0.043241,0.15129,-0.66635
2877,0.99865,0.051808,-0.0022077,-0.051737,0.99263,-0.10955,-0.0034843,0.10952,0.99398,6.2897,-0.12649,-2.9697,0.05487,0.00031972,-0.025934,0.99816,0.90409,0.005268,-0.42731,6.959,-7.9207,97.963,-562.39,-0.014206,0.16454,-0.62371,-0.076338,0.15309,-0.67683,-0.0059846,0.15063,-0.68093,0.041676,0.1511,-0.66747
2879,0.99826,0.05228,-0.027172,-0.054908,0.99272,-0.10723,0.021368,0.10853,0.99386,6.1577,-1.557,-2.9979,0.054042,-0.012158,-0.026848,0.9981,0.87793,-0.19751,-0.43615,7.0582,-6.5586,97.931,-562.26,-0.014339,0.16456,-0.62335,-0.077737,0.15318,-0.67488,-0.0075513,0.15069,-0.68074,0.040433,0.15124,-0.66845
2881,0.9972,0.047896,-0.05738,-0.053559,0.99338,-0.1016,0.052134,0.10439,0.99317,5.8411,-3.2894,-2.7499,0.051603,-0.027434,-0.025416,0.99797,0.80972,-0.43048,-0.3988,7.3079,-4.6721,97.484,-562.53,-0.014342,0.16443,-0.62299,-0.079306,0.15338,-0.67249,-0.0093219,0.15092,-0.68041,0.03903,0.15093,-0.66971
2883,0.99454,0.048425,-0.092395,-0.057833,0.9931,-0.10204,0.086816,0.10682,0.99048,5.8817,-5.3014,-2.7875,0.052358,-0.044926,-0.026637,0.99726,0.70798,-0.60748,-0.36019,8.4823,-2.625,97.696,-562.13,-0.014195,0.16446,-0.62247,-0.080916,0.15338,-0.66976,-0.011212,0.15071,-0.68007,0.037438,0.151,-0.67098
2884,0.99283,0.044814,-0.1108,-0.055577,0.99382,-0.096047,0.10581,0.10152,0.98919,5.5458,-6.3612,-2.5844,0.04954,-0.054315,-0.025174,0.99698,0.63754,-0.69899,-0.32397,8.9134,-1.3007,97.303,-562.51,-0.014095,0.16446,-0.62215,-0.081694,0.15369,-0.66812,-0.012217,0.15114,-0.67972,0.036606,0.15087,-0.67167
2885,0.99037,0.046062,-0.13058,-0.058925,0.9936,-0.096419,0.1253,0.10319,0.98674,5.581,-7.5031,-2.6629,0.050085,-0.064206,-0.026344,0.99633,0.5852,-0.7502,-0.3078,9.8194,-0.37325,97.568,-562.12,-0.013998,0.16456,-0.62177,-0.082443,0.15389,-0.66643,-0.013266,0.15098,-0.67947,0.035727,0.15118,-0.67221
2886,0.98768,0.045528,-0.14972,-0.059914,0.99386,-0.093023,0.14456,0.10085,0.98434,5.3986,-8.6106,-2.6392,0.048676,-0.073886,-0.026474,0.99573,0.52705,-0.80003,-0.28665,10.598,1.2066,97.495,-562.26,-0.01389,0.16468,-0.62133,-0.083276,0.15392,-0.66468,-0.014314,0.15136,-0.67903,0.034777,0.15118,-0.67282
2887,0.98456,0.044335,-0.16935,-0.060609,0.9939,-0.092164,0.16423,0.10101,0.98124,5.3659,-9.75,-2.5783,0.048538,-0.083818,-0.026369,0.99495,0.48352,-0.83499,-0.26269,11.522,2.2365,97.58,-562.03,-0.013767,0.16474,-0.6209,-0.084021,0.15416,-0.66288,-0.015352,0.15132,-0.67866,0.03388,0.15124,-0.67341
2888,0.98109,0.043964,-0.18849,-0.061603,0.99415,-0.088769,0.18348,0.098702,0.97806,5.186,-10.865,-2.5658,0.047144,-0.09354,-0.026547,0.99414,0.43627,-0.86563,-0.24567,12.407,3.4413,97.541,-562.08,-0.013659,0.16485,-0.62046,-0.084703,0.1544,-0.6611,-0.016412,0.15157,-0.67815,0.032936,0.15142,-0.67391
2889,0.97721,0.043987,-0.20766,-0.062848,0.99439,-0.085121,0.20275,0.096232,0.97449,4.9921,-11.985,-2.5773,0.045647,-0.1033,-0.026891,0.99324,0.3932,-0.8898,-0.23163,13.333,4.6685,97.462,-562.18,-0.013551,0.16492,-0.62005,-0.085386,0.15461,-0.65928,-0.017401,0.15181,-0.67761,0.031976,0.15163,-0.67434
2890,0.97333,0.044332,-0.22511,-0.065596,0.99397,-0.087878,0.21985,0.1003,0.97036,5.1747,-13.009,-2.6078,0.047415,-0.11212,-0.027699,0.99218,0.3798,-0.89807,-0.22187,14.343,5.9074,97.87,-561.82,-0.013451,0.16508,-0.6196,-0.08603,0.15448,-0.65759,-0.018379,0.15173,-0.67715,0.031082,0.15157,-0.6748
2891,0.9691,0.045378,-0.24246,-0.067071,0.99437,-0.081977,0.23737,0.095706,0.96669,4.8472,-14.032,-2.6809,0.044814,-0.12102,-0.028361,0.99123,0.33917,-0.91591,-0.21464,15.185,6.9368,97.622,-562.04,-0.013408,0.1651,-0.61917,-0.086638,0.15472,-0.65587,-0.019353,0.15202,-0.6766,0.030127,0.15192,-0.67504
2893,0.96106,0.045725,-0.27255,-0.069859,0.99438,-0.079511,0.26738,0.095454,0.95885,4.7403,-15.816,-2.724,0.044217,-0.13645,-0.029211,0.98923,0.30207,-0.93217,-0.19955,16.835,8.6448,97.793,-561.8,-0.013463,0.16528,-0.61827,-0.087804,0.15491,-0.65268,-0.021221,0.15218,-0.67561,0.028307,0.15211,-0.67562
2895,0.95265,0.045315,-0.30068,-0.070296,0.99487,-0.072786,0.29583,0.090475,0.95094,4.3769,-17.498,-2.7233,0.041343,-0.15106,-0.029277,0.98723,0.25949,-0.9481,-0.18375,18.336,10.305,97.415,-562.2,-0.013556,0.16523,-0.61754,-0.088898,0.15503,-0.64972,-0.022955,0.15253,-0.67451,0.026508,0.15217,-0.6761
2897,0.94366,0.046128,-0.32768,-0.072209,0.99508,-0.067871,0.32294,0.087709,0.94235,4.1195,-19.128,-2.7985,0.039487,-0.16513,-0.030034,0.98502,0.22901,-0.95771,-0.17419,19.857,11.783,97.262,-562.35,-0.01361,0.16524,-0.61681,-0.089789,0.15516,-0.64684,-0.024631,0.1527,-0.67351,0.024757,0.15238,-0.67644
2899,0.93454,0.045527,-0.35293,-0.073536,0.99508,-0.066357,0.34817,0.087967,0.93329,4.0669,-20.667,-2.789,0.03926,-0.17836,-0.030289,0.98272,0.21207,-0.96346,-0.16362,21.337,13.035,97.364,-562.08,-0.013572,0.1653,-0.61601,-0.090572,0.15538,-0.64402,-0.026136,0.15264,-0.67246,0.023188,0.15248,-0.67672
2901,0.92531,0.043732,-0.37668,-0.072207,0.99547,-0.061802,0.37227,0.084385,0.92428,3.8254,-22.128,-2.7059,0.037276,-0.19097,-0.029563,0.98044,0.1894,-0.97034,-0.15021,22.701,14.85,97.063,-562.56,-0.013404,0.1653,-0.61527,-0.091173,0.15531,-0.6413,-0.027498,0.15302,-0.67135,0.021681,0.15224,-0.67709
2903,0.91427,0.046897,-0.40239,-0.077542,0.99517,-0.060201,0.39762,0.086242,0.91349,3.7704,-23.728,-2.9364,0.037449,-0.20458,-0.031822,0.97761,0.17799,-0.97234,-0.15124,24.292,16.4,97.385,-562.39,-0.013117,0.16542,-0.61465,-0.091566,0.15546,-0.63857,-0.028748,0.15288,-0.6704,0.020273,0.15274,-0.67726
2905,0.904,0.042541,-0.4254,-0.074204,0.99555,-0.058131,0.42104,0.084117,0.90313,3.6828,-25.176,-2.6943,0.036473,-0.21703,-0.029934,0.97502,0.16422,-0.97717,-0.13478,25.665,18.169,97.119,-563.02,-0.012773,0.16538,-0.61416,-0.091793,0.15548,-0.636,-0.029831,0.15312,-0.66936,0.01899,0.15227,-0.67774
2907,0.89309,0.045893,-0.44753,-0.07864,0.99539,-0.054858,0.44295,0.084187,0.89258,3.517,-26.586,-2.9417,0.035754,-0.22898,-0.032022,0.97225,0.15282,-0.97873,-0.13687,27.06,19.535,97.08,-563.17,-0.012493,0.16525,-0.61375,-0.091994,0.15545,-0.63367,-0.030842,0.15286,-0.66861,0.017742,0.15258,-0.67795
2909,0.88314,0.045694,-0.46687,-0.078153,0.99567,-0.050387,0.46255,0.080986,0.88289,3.2663,-27.831,-2.9619,0.033867,-0.2396,-0.031927,0.96976,0.13876,-0.98165,-0.13081,28.255,20.94,96.639,-563.9,-0.012281,0.16504,-0.61339,-0.092181,0.15526,-0.63156,-0.031823,0.15292,-0.66779,0.016578,0.15237,-0.67831
2911,0.87348,0.047081,-0.48458,-0.079592,0.99573,-0.046723,0.48031,0.07938,0.8735,3.0618,-28.985,-3.0853,0.032591,-0.24938,-0.032739,0.9673,0.1285,-0.98327,-0.12909,29.384,22.122,96.428,-564.41,-0.012124,0.16491,-0.61308,-0.092348,0.15515,-0.62962,-0.032677,0.15293,-0.66697,0.015463,0.15243,-0.67851
2913,0.8648,0.048239,-0.49979,-0.083566,0.99532,-0.04853,0.49511,0.083734,0.86479,3.2119,-29.986,-3.1927,0.034265,-0.25774,-0.034146,0.965,0.13066,-0.98284,-0.13021,30.407,23.149,96.705,-564.38,-0.011985,0.16489,-0.61283,-0.092481,0.15496,-0.62798,-0.033483,0.15257,-0.66645,0.014472,0.15237,-0.67872
2916,0.85206,0.050064,-0.52104,-0.085639,0.99534,-0.04441,0.51638,0.082461,0.85238,2.9825,-31.402,-3.3626,0.03298,-0.26967,-0.035275,0.96174,0.12038,-0.98434,-0.12876,31.8,24.532,96.552,-565.21,-0.011911,0.16481,-0.61258,-0.09273,0.1548,-0.62572,-0.03468,0.15262,-0.66559,0.012961,0.15244,-0.67906
2919,0.83939,0.049883,-0.54124,-0.088939,0.99496,-0.046231,0.53621,0.086944,0.8396,3.1517,-32.768,-3.401,0.03474,-0.28106,-0.036213,0.95838,0.12168,-0.98443,-0.12684,33.178,25.788,96.778,-565.68,-0.01187,0.16476,-0.61249,-0.092969,0.15456,-0.62369,-0.035889,0.15228,-0.66494,0.011439,0.1522,-0.67956
2921,0.82648,0.052128,-0.56055,-0.091329,0.99493,-0.042134,0.55551,0.086018,0.82705,2.9164,-34.094,-3.609,0.033546,-0.29215,-0.037552,0.95505,0.11316,-0.98547,-0.12667,34.49,27.083,96.626,-566.71,-0.011807,0.16466,-0.61242,-0.093138,0.15431,-0.62175,-0.036996,0.1523,-0.66425,0.0099928,0.15225,-0.67992
2924,0.81434,0.051641,-0.57808,-0.092087,0.99491,-0.040845,0.57303,0.086496,0.81495,2.8692,-35.316,-3.6285,0.033445,-0.30233,-0.037749,0.95187,0.10912,-0.98637,-0.12316,35.698,28.287,96.59,-567.69,-0.011732,0.16463,-0.61242,-0.09326,0.15412,-0.61999,-0.038033,0.15232,-0.66365,0.0085811,0.15205,-0.68037
2927,0.80161,0.051455,-0.59563,-0.093791,0.99478,-0.04029,0.59045,0.088162,0.80225,2.8751,-36.558,-3.6728,0.033856,-0.31262,-0.038283,0.9485,0.10688,-0.9869,-0.12086,36.935,29.232,96.543,-568.51,-0.011714,0.16447,-0.61256,-0.093377,0.15396,-0.61837,-0.039105,0.15202,-0.6632,0.0071739,0.15186,-0.68093
2930,0.79004,0.05158,-0.61088,-0.095251,0.99468,-0.039201,0.60561,0.089157,0.79075,2.8381,-37.653,-3.7354,0.033941,-0.32167,-0.038826,0.94545,0.10419,-0.98739,-0.11918,38.025,30.231,96.549,-569.49,-0.011659,0.16443,-0.61273,-0.093432,0.1538,-0.61696,-0.03998,0.15196,-0.66277,0.0059246,0.15175,-0.68139
2934,0.7766,0.048638,-0.62812,-0.095476,0.99459,-0.04103,0.62272,0.091835,0.77704,3.0226,-38.911,-3.5837,0.035268,-0.33202,-0.038254,0.94184,0.10494,-0.98794,-0.11383,39.276,31.561,96.834,-570.22,-0.011175,0.16456,-0.61286,-0.093034,0.15401,-0.61529,-0.040661,0.15188,-0.66231,0.0048227,0.15159,-0.68197
2938,0.76284,0.044765,-0.64504,-0.092239,0.99493,-0.040038,0.63998,0.09004,0.7631,3.0034,-40.168,-3.3584,0.034661,-0.34241,-0.036507,0.9382,0.10015,-0.98937,-0.10548,40.497,33.661,96.949,-571.55,-0.0099264,0.16485,-0.61303,-0.091852,0.15442,-0.61362,-0.040529,0.15236,-0.66176,0.0044702,0.15157,-0.68254
2941,0.74497,0.042209,-0.66576,-0.09056,0.99516,-0.038242,0.66092,0.088781,0.74518,2.9378,-41.741,-3.2428,0.03402,-0.35532,-0.035559,0.93345,0.09484,-0.99054,-0.099129,42.042,36.086,97.08,-573.13,-0.008355,0.16506,-0.61357,-0.090307,0.15494,-0.61192,-0.040287,0.15258,-0.6614,0.0041618,0.15179,-0.68331
2943,0.72972,0.04229,-0.68244,-0.093272,0.99491,-0.038079,0.67736,0.09144,0.72995,2.9863,-43.035,-3.3168,0.034842,-0.3658,-0.036468,0.92932,0.094356,-0.99063,-0.098759,43.34,37.659,97.315,-574.24,-0.0076476,0.1651,-0.61404,-0.089503,0.15501,-0.61056,-0.040635,0.15238,-0.66115,0.0033232,0.15185,-0.68398
2945,0.71276,0.037894,-0.70038,-0.092499,0.9949,-0.040306,0.69528,0.093513,0.71263,3.2372,-44.458,-3.0432,0.036179,-0.37733,-0.035253,0.9247,0.095034,-0.99116,-0.092601,44.753,39.052,97.314,-575.34,-0.007164,0.16501,-0.61423,-0.088959,0.15503,-0.60866,-0.041344,0.15215,-0.66052,0.0020507,0.15135,-0.68453
2947,0.70021,0.0399,-0.71282,-0.09104,0.99528,-0.033719,0.70811,0.088505,0.70054,2.7557,-45.465,-3.2614,0.033162,-0.38553,-0.035527,0.92142,0.085342,-0.99215,-0.091428,45.732,39.927,96.903,-576.48,-0.0068236,0.16489,-0.61421,-0.088512,0.15505,-0.60724,-0.041798,0.15236,-0.65983,0.0011688,0.15161,-0.68454
2950,0.68228,0.036256,-0.73019,-0.088591,0.99551,-0.033348,0.7257,0.087441,0.68243,2.7976,-46.902,-3.0418,0.032947,-0.39712,-0.034054,0.91654,0.082381,-0.99296,-0.085149,47.148,41.387,96.858,-577.6,-0.006195,0.16497,-0.61406,-0.087746,0.15524,-0.60502,-0.042364,0.15254,-0.65875,-5.1705e-05,0.15138,-0.68464
2953,0.65819,0.038114,-0.75189,-0.091822,0.99533,-0.029925,0.74723,0.088736,0.65861,2.6016,-48.754,-3.3141,0.032601,-0.41186,-0.035698,0.90996,0.078614,-0.99318,-0.086084,49.0,43.439,97.094,-578.9,-0.005351,0.16509,-0.61395,-0.086559,0.1553,-0.6023,-0.042958,0.15253,-0.65747,-0.0014867,0.15165,-0.68463
2956,0.64122,0.034138,-0.7666,-0.091161,0.99532,-0.031928,0.76192,0.090356,0.64134,2.85,-50.049,-3.0475,0.033771,-0.42213,-0.034604,0.90525,0.079482,-0.9935,-0.081442,50.287,44.732,97.011,-579.97,-0.0048162,0.16495,-0.61404,-0.085713,0.15524,-0.6005,-0.043408,0.15231,-0.65672,-0.0025927,0.15112,-0.6849
2959,0.62393,0.036305,-0.78064,-0.094363,0.99511,-0.029142,0.77576,0.091846,0.62431,2.6725,-51.319,-3.3301,0.03359,-0.43211,-0.036278,0.90047,0.077231,-0.99352,-0.083411,51.561,45.852,97.114,-580.9,-0.0044841,0.16491,-0.61409,-0.085063,0.15516,-0.59879,-0.04401,0.1521,-0.65594,-0.003753,0.1513,-0.68489
2962,0.60728,0.037412,-0.79361,-0.093011,0.99537,-0.02425,0.78902,0.088541,0.60795,2.2842,-52.524,-3.5253,0.031474,-0.44163,-0.036394,0.89591,0.070848,-0.99412,-0.081925,52.75,47.048,96.922,-582.29,-0.0039141,0.16493,-0.61405,-0.084214,0.15518,-0.59707,-0.044286,0.1524,-0.65498,-0.0046557,0.15147,-0.6848
2965,0.58853,0.033676,-0.80778,-0.092098,0.99542,-0.025602,0.80321,0.089462,0.58893,2.4892,-53.879,-3.2749,0.032298,-0.45221,-0.035305,0.89063,0.071028,-0.99445,-0.077638,54.095,49.113,97.087,-582.95,-0.0024193,0.16504,-0.61391,-0.082271,0.1556,-0.595,-0.043808,0.15234,-0.65396,-0.0049234,0.15137,-0.68475
2968,0.57537,0.033167,-0.81722,-0.087049,0.99599,-0.020865,0.81325,0.083143,0.57595,2.0748,-54.807,-3.2992,0.029313,-0.45953,-0.033882,0.88703,0.063489,-0.99528,-0.073383,54.995,50.724,96.8,-584.16,-0.001006,0.16516,-0.61386,-0.080619,0.15595,-0.59369,-0.043087,0.15291,-0.65316,-0.0047378,0.15166,-0.6846
2971,0.55798,0.029769,-0.82932,-0.082187,0.99643,-0.019529,0.82577,0.079056,0.55844,2.0029,-56.029,-3.0539,0.027938,-0.46904,-0.031728,0.88216,0.059324,-0.99596,-0.06737,56.191,52.436,96.556,-585.46,0.00043905,0.16518,-0.61406,-0.078756,0.15639,-0.59219,-0.042521,0.15315,-0.65244,-0.0048362,0.15166,-0.68473
2974,0.54339,0.024407,-0.83913,-0.079733,0.99656,-0.022645,0.83569,0.079211,0.54347,2.386,-57.048,-2.5718,0.029003,-0.47689,-0.029653,0.87798,0.060588,-0.99624,-0.061946,57.2,53.535,96.284,-587.02,0.0011151,0.16498,-0.61467,-0.077698,0.15628,-0.59136,-0.042592,0.15301,-0.65221,-0.0055055,0.15095,-0.6853
2977,0.52599,0.020979,-0.85023,-0.080676,0.99642,-0.025323,0.84666,0.081913,0.5258,2.7573,-58.237,-2.284,0.03071,-0.48596,-0.029112,0.87295,0.062957,-0.99623,-0.05968,58.392,54.749,96.631,-588.15,0.0018561,0.16513,-0.61539,-0.076481,0.15674,-0.59043,-0.042625,0.15284,-0.65204,-0.0062412,0.15097,-0.68578
2980,0.5084,0.019413,-0.8609,-0.076284,0.99683,-0.022572,0.85773,0.077149,0.50827,2.5428,-59.418,-2.1867,0.028722,-0.49501,-0.027563,0.86797,0.057836,-0.99678,-0.055503,59.552,56.061,96.069,-590.08,0.0029414,0.16487,-0.61609,-0.074916,0.15679,-0.58955,-0.042324,0.15287,-0.65177,-0.0066117,0.15083,-0.68623
2982,0.49606,0.014258,-0.86817,-0.077217,0.99663,-0.027754,0.86485,0.080805,0.49549,3.2059,-60.246,-1.6463,0.0314,-0.50127,-0.026459,0.86432,0.062432,-0.99666,-0.052607,60.39,57.553,96.628,-590.46,0.0040932,0.16519,-0.61639,-0.0734,0.15741,-0.58867,-0.04178,0.15282,-0.6515,-0.0065957,0.15078,-0.68649
2990,0.48248,0.0083892,-0.87587,-0.069109,0.9972,-0.028518,0.87318,0.07429,0.48171,3.388,-61.148,-0.99614,0.029871,-0.50819,-0.022517,0.86043,0.058621,-0.9973,-0.044189,61.269,59.734,96.114,-591.49,0.0063466,0.16516,-0.61628,-0.070754,0.15781,-0.5873,-0.040082,0.15329,-0.65053,-0.0054953,0.15051,-0.68619
2996,0.46464,0.0074398,-0.88547,-0.068608,0.99726,-0.027622,0.88284,0.073584,0.46388,3.4077,-62.309,-0.91733,0.029584,-0.5169,-0.02223,0.85525,0.057087,-0.99745,-0.042896,62.426,61.256,95.806,-591.98,0.0074732,0.16488,-0.61581,-0.069009,0.1577,-0.58528,-0.039685,0.153,-0.64914,-0.0057737,0.15025,-0.68548
3000,0.44875,0.012451,-0.89357,-0.070908,0.99725,-0.021715,0.89084,0.073106,0.4484,2.7725,-63.325,-1.5893,0.027867,-0.52443,-0.024499,0.85065,0.053006,-0.99751,-0.046599,63.436,62.175,95.503,-593.14,0.0078921,0.16456,-0.61587,-0.068044,0.15719,-0.58404,-0.039822,0.15269,-0.64838,-0.0065998,0.15033,-0.68516
3002,0.43845,0.0076719,-0.89872,-0.068808,0.99732,-0.025055,0.89612,0.072824,0.4378,3.2754,-63.991,-1.0025,0.02887,-0.5294,-0.022558,0.84758,0.054403,-0.99761,-0.042509,64.101,62.443,95.191,-594.38,0.0079887,0.16433,-0.61641,-0.067567,0.15706,-0.58367,-0.040129,0.15257,-0.6483,-0.0074016,0.14966,-0.68561
3003,0.42744,0.0020323,-0.90404,-0.066894,0.99733,-0.029386,0.90157,0.073035,0.42643,3.9421,-64.695,-0.27241,0.030328,-0.53466,-0.02041,0.84427,0.056592,-0.99767,-0.038084,64.812,62.629,95.12,-595.6,0.0080903,0.16425,-0.61747,-0.067093,0.15742,-0.58374,-0.040436,0.15237,-0.64875,-0.0081293,0.14934,-0.6864
3006,0.41728,-0.0011308,-0.90878,-0.075698,0.99648,-0.035997,0.90562,0.083813,0.41572,4.9489,-65.337,0.15527,0.035613,-0.53932,-0.022165,0.84105,0.065834,-0.99699,-0.040973,65.497,62.939,95.852,-597.39,0.0076432,0.16429,-0.61952,-0.067101,0.15729,-0.58497,-0.041214,0.15164,-0.6502,-0.0093741,0.14887,-0.68811
3044,0.47039,0.014723,-0.88233,-0.073818,0.99701,-0.022718,0.87936,0.075818,0.47008,2.7668,-61.925,-1.7927,0.028746,-0.51394,-0.02583,0.85695,0.055775,-0.99718,-0.050117,62.047,62.203,95.792,-590.92,0.0083284,0.16463,-0.61523,-0.068345,0.15718,-0.58526,-0.038516,0.15251,-0.64899,-0.0044281,0.15056,-0.6849
3049,0.48574,0.019924,-0.87388,-0.082928,0.99628,-0.02338,0.87016,0.083826,0.48558,2.7565,-60.912,-2.3489,0.031116,-0.5062,-0.029853,0.86134,0.061248,-0.99639,-0.058761,61.066,61.171,96.449,-589.71,0.0070268,0.16482,-0.61473,-0.070066,0.15647,-0.58616,-0.039227,0.15234,-0.6493,-0.0045041,0.15054,-0.68471
3055,0.501,0.024316,-0.8651,-0.076587,0.99693,-0.016331,0.86205,0.074438,0.50133,1.8658,-59.895,-2.7787,0.026206,-0.49865,-0.029132,0.86592,0.052393,-0.99693,-0.058242,60.025,58.967,95.736,-588.12,0.005592,0.16468,-0.61321,-0.072018,0.1564,-0.58601,-0.039952,0.1529,-0.64858,-0.0045605,0.151,-0.68337
3061,0.52355,0.028374,-0.85152,-0.077648,0.99688,-0.014524,0.84845,0.073723,0.52412,1.5874,-58.378,-3.1021,0.025288,-0.48714,-0.030381,0.87243,0.051741,-0.99672,-0.062162,58.515,58.691,95.821,-585.73,0.0059908,0.16474,-0.61227,-0.07234,0.15644,-0.58717,-0.038632,0.15292,-0.64893,-0.0023758,0.15146,-0.68267
3073,0.58576,0.031574,-0.80987,-0.073543,0.99719,-0.014316,0.80714,0.067946,0.58644,1.3984,-54.083,-3.0854,0.023104,-0.45414,-0.029523,0.89014,0.0507,-0.99661,-0.064787,54.218,57.472,95.652,-580.43,0.0069815,0.16493,-0.61013,-0.072964,0.15657,-0.59101,-0.034838,0.15356,-0.65007,0.0038061,0.15193,-0.68114
3076,0.60312,0.03675,-0.7968,-0.073503,0.99725,-0.0096425,0.79425,0.064383,0.60417,0.91437,-52.826,-3.4868,0.020676,-0.4444,-0.030795,0.89506,0.046365,-0.99653,-0.069055,52.967,56.629,95.783,-577.91,0.0069477,0.16518,-0.60868,-0.07341,0.15698,-0.59132,-0.033992,0.1539,-0.64971,0.0053614,0.15285,-0.67974
3078,0.61839,0.036643,-0.78502,-0.069358,0.99756,-0.0080721,0.78281,0.059439,0.61942,0.74662,-51.722,-3.3911,0.018767,-0.43582,-0.029466,0.89936,0.042923,-0.9968,-0.067394,51.853,55.894,95.553,-576.39,0.0069692,0.16528,-0.60764,-0.073704,0.15718,-0.59182,-0.033173,0.15436,-0.64944,0.0066763,0.15301,-0.67894
3080,0.6421,0.044026,-0.76536,-0.069663,0.99757,-0.0010607,0.76345,0.053998,0.64361,0.094428,-49.939,-3.9224,0.015193,-0.42186,-0.031372,0.90599,0.035892,-0.9966,-0.074112,50.086,54.619,95.365,-574.4,0.0065504,0.16538,-0.60632,-0.074597,0.15697,-0.59309,-0.032348,0.15491,-0.64935,0.0084006,0.15368,-0.67754
3083,0.65824,0.047865,-0.75129,-0.070433,0.99751,0.0018433,0.74951,0.051702,0.65997,-0.16003,-48.702,-4.1591,0.013691,-0.4121,-0.032483,0.91046,0.033101,-0.99636,-0.078537,48.863,52.677,95.216,-572.76,0.0052549,0.16533,-0.60542,-0.076089,0.15686,-0.59391,-0.032593,0.15502,-0.6493,0.0087607,0.15399,-0.67664
3085,0.67132,0.056566,-0.739,-0.078785,0.99688,0.0047344,0.73696,0.055044,0.67369,-0.40264,-47.646,-4.8164,0.01376,-0.40369,-0.03702,0.91404,0.033924,-0.99525,-0.091268,47.86,51.661,95.749,-571.18,0.0042724,0.16561,-0.60443,-0.077237,0.15641,-0.59447,-0.032783,0.15515,-0.64908,0.0090178,0.15459,-0.6757
3087,0.68349,0.062412,-0.72729,-0.080447,0.99671,0.0099302,0.72552,0.051721,0.68626,-0.82901,-46.66,-5.2175,0.011389,-0.39591,-0.038931,0.9174,0.028616,-0.99479,-0.097821,46.904,50.42,95.768,-569.76,0.0035494,0.16576,-0.60345,-0.078092,0.15647,-0.59491,-0.032708,0.1555,-0.6488,0.0095896,0.1553,-0.6746
3088,0.69715,0.064362,-0.71403,-0.077308,0.9969,0.01438,0.71275,0.045175,0.69996,-1.177,-45.564,-5.2747,0.0083578,-0.38723,-0.03845,0.92114,0.021473,-0.99488,-0.098785,45.813,49.133,95.428,-568.31,0.0031449,0.16578,-0.60248,-0.07866,0.15673,-0.59551,-0.032279,0.1559,-0.64857,0.01049,0.15573,-0.67362
3090,0.71011,0.067452,-0.70086,-0.078017,0.99681,0.016888,0.69976,0.042687,0.7131,-1.3566,-44.496,-5.4261,0.0069753,-0.37868,-0.03933,0.92466,0.018318,-0.99448,-0.10329,44.764,48.26,95.439,-566.97,0.0029271,0.16589,-0.60179,-0.078968,0.15686,-0.59635,-0.031629,0.15615,-0.64858,0.011613,0.15619,-0.67277
3092,0.72425,0.069143,-0.68606,-0.078997,0.99673,0.017059,0.685,0.041841,0.72734,-1.3436,-43.319,-5.4534,0.0066727,-0.36917,-0.039888,0.92848,0.017968,-0.99405,-0.1074,43.601,47.394,95.486,-565.91,0.0026939,0.16598,-0.60146,-0.079295,0.15684,-0.5977,-0.030891,0.15633,-0.64896,0.012734,0.15636,-0.67227
3094,0.73857,0.069274,-0.6706,-0.080331,0.99666,0.014484,0.66937,0.043173,0.74167,-1.1187,-42.114,-5.3583,0.0076929,-0.35931,-0.040116,0.93232,0.021273,-0.9936,-0.11093,42.4,46.281,95.607,-564.89,0.0022367,0.16603,-0.60138,-0.079813,0.15677,-0.59936,-0.03037,0.15631,-0.64963,0.013746,0.15631,-0.67204
3096,0.75386,0.070618,-0.65323,-0.081039,0.99661,0.014217,0.65202,0.042219,0.75703,-1.0759,-40.786,-5.3516,0.0074759,-0.34847,-0.040489,0.93642,0.021305,-0.99309,-0.11539,41.084,44.474,95.652,-563.74,0.0014098,0.1661,-0.60135,-0.080691,0.15695,-0.60127,-0.030099,0.15636,-0.65036,0.014611,0.15663,-0.67163
3098,0.77168,0.073224,-0.63178,-0.084402,0.99635,0.012387,0.63038,0.043764,0.77505,-0.91566,-39.181,-5.4205,0.0083345,-0.33527,-0.04187,0.94116,0.02466,-0.99199,-0.12389,39.507,42.43,95.95,-562.65,0.00011025,0.1663,-0.60126,-0.081868,0.1568,-0.60347,-0.029954,0.15656,-0.65113,0.015268,0.15681,-0.67122
3100,0.78875,0.073714,-0.61027,-0.083815,0.99641,0.012028,0.60897,0.041663,0.7921,-0.86996,-37.609,-5.3392,0.0078344,-0.32232,-0.041644,0.94568,0.024099,-0.99147,-0.1281,37.942,40.08,95.963,-561.47,-0.0011302,0.16643,-0.60105,-0.083054,0.15699,-0.60553,-0.029864,0.15682,-0.65178,0.015911,0.15704,-0.67063
3102,0.80542,0.078143,-0.58753,-0.085567,0.99622,0.015199,0.5865,0.038032,0.80906,-1.0762,-35.982,-5.5416,0.0060082,-0.30893,-0.043078,0.95009,0.019259,-0.99023,-0.13808,36.356,37.601,95.899,-560.3,-0.0024551,0.16652,-0.60079,-0.084162,0.15713,-0.6076,-0.02968,0.1571,-0.65231,0.016665,0.15766,-0.66978
3104,0.82227,0.078079,-0.56371,-0.08598,0.99622,0.012568,0.56256,0.038134,0.82588,-0.87185,-34.313,-5.4243,0.006696,-0.29499,-0.042969,0.95451,0.022456,-0.98931,-0.14411,34.696,35.605,96.128,-559.08,-0.0034856,0.16677,-0.60046,-0.084982,0.15714,-0.60969,-0.02928,0.15745,-0.65276,0.017509,0.15771,-0.66898
3106,0.83828,0.079475,-0.53941,-0.084839,0.99628,0.014942,0.53859,0.033238,0.84191,-1.0168,-32.644,-5.4158,0.0047708,-0.28111,-0.042848,0.95871,0.016775,-0.98844,-0.15066,33.046,33.343,95.767,-558.04,-0.0044494,0.16667,-0.60018,-0.085639,0.15723,-0.61175,-0.028645,0.15766,-0.65319,0.018541,0.15792,-0.66808
3108,0.85451,0.079854,-0.51326,-0.084288,0.99633,0.014684,0.51255,0.030713,0.85811,-0.98038,-30.881,-5.3388,0.0041615,-0.26632,-0.042615,0.96293,0.015427,-0.98732,-0.15798,31.298,31.065,95.558,-556.76,-0.0052045,0.16659,-0.60002,-0.085994,0.15739,-0.61408,-0.027761,0.15765,-0.65382,0.019858,0.15806,-0.66716
3110,0.86967,0.080391,-0.48704,-0.085956,0.99624,0.010954,0.48609,0.032338,0.87331,-0.71863,-29.146,-5.2813,0.0055293,-0.25162,-0.043013,0.96685,0.021655,-0.98547,-0.16846,29.587,29.05,95.791,-555.39,-0.0058675,0.16672,-0.59991,-0.086222,0.15745,-0.61649,-0.026866,0.15764,-0.65444,0.021236,0.15819,-0.66626
3112,0.88504,0.078535,-0.45884,-0.084968,0.99636,0.0066449,0.45769,0.033106,0.88849,-0.4285,-27.312,-5.0709,0.0068142,-0.23602,-0.042105,0.97081,0.028411,-0.98406,-0.17555,27.755,27.064,95.811,-554.38,-0.0064471,0.16672,-0.59999,-0.08623,0.15743,-0.6191,-0.025645,0.15764,-0.65514,0.022708,0.15797,-0.66552
3114,0.89895,0.07967,-0.43075,-0.086258,0.99626,0.0042517,0.42948,0.033333,0.90246,-0.26993,-25.515,-5.0647,0.0074615,-0.22071,-0.042573,0.97438,0.033177,-0.98136,-0.18929,25.994,24.983,95.871,-553.49,-0.0068945,0.16673,-0.60033,-0.086016,0.15756,-0.62196,-0.02434,0.15755,-0.65609,0.024373,0.1582,-0.66478
3116,0.91164,0.077456,-0.40362,-0.085687,0.99632,-0.0023417,0.40195,0.03672,0.91492,0.14665,-23.805,-4.8564,0.0099891,-0.206,-0.04172,0.97761,0.047471,-0.979,-0.19827,24.294,23.232,96.169,-552.9,-0.0073124,0.16688,-0.60085,-0.085742,0.15756,-0.6248,-0.02303,0.15753,-0.65707,0.025885,0.15799,-0.66434
3118,0.92334,0.07482,-0.37662,-0.084854,0.99634,-0.010095,0.37449,0.041279,0.92631,0.62438,-22.125,-4.6327,0.013098,-0.1915,-0.04071,0.98056,0.066753,-0.97596,-0.20747,22.632,21.471,96.49,-552.28,-0.0075991,0.16696,-0.60147,-0.085257,0.15754,-0.62773,-0.02171,0.15734,-0.65811,0.027432,0.15769,-0.66397
3120,0.93365,0.074979,-0.35025,-0.085079,0.99628,-0.013515,0.34794,0.042417,0.93656,0.82676,-20.503,-4.5914,0.014223,-0.17754,-0.040699,0.98317,0.077849,-0.97176,-0.22277,21.054,19.741,96.55,-551.92,-0.0077561,0.16694,-0.60213,-0.084663,0.15759,-0.63058,-0.020209,0.15717,-0.65917,0.029085,0.15776,-0.66346
3122,0.94347,0.069914,-0.32401,-0.079753,0.99667,-0.01717,0.32173,0.04204,0.9459,1.0399,-18.906,-4.238,0.015018,-0.16379,-0.037961,0.98565,0.08897,-0.97031,-0.22489,19.436,18.263,96.48,-551.88,-0.0078544,0.16697,-0.60268,-0.083978,0.15769,-0.63323,-0.018735,0.15733,-0.65994,0.030617,0.15731,-0.66302
3124,0.95184,0.067413,-0.29909,-0.077867,0.99669,-0.023156,0.29654,0.04533,0.95394,1.3905,-17.403,-4.0512,0.017334,-0.15076,-0.036771,0.98773,0.11102,-0.96551,-0.2355,17.966,16.392,96.76,-551.07,-0.0078702,0.16704,-0.60306,-0.083138,0.15801,-0.63563,-0.017263,0.15704,-0.66065,0.032205,0.1573,-0.66228
3126,0.95909,0.067447,-0.27494,-0.076611,0.9968,-0.022719,0.27252,0.042853,0.96119,1.354,-15.958,-4.0226,0.016566,-0.13831,-0.036394,0.98958,0.11506,-0.96066,-0.25279,16.555,15.277,96.616,-551.08,-0.0078527,0.16706,-0.60337,-0.082312,0.15801,-0.63783,-0.015795,0.1573,-0.66109,0.033673,0.15733,-0.66152
3128,0.96543,0.064269,-0.25263,-0.073987,0.99683,-0.029149,0.24996,0.046833,0.96712,1.7264,-14.633,-3.8086,0.019166,-0.12677,-0.034873,0.99113,0.14424,-0.9541,-0.26246,15.271,13.664,96.944,-550.42,-0.0079309,0.16718,-0.60364,-0.081601,0.15819,-0.63985,-0.014587,0.15708,-0.66165,0.034923,0.15714,-0.66086
3130,0.9709,0.063172,-0.23101,-0.071481,0.99706,-0.027768,0.22857,0.043473,0.97256,1.6355,-13.356,-3.7228,0.017944,-0.11576,-0.033917,0.99254,0.14714,-0.94921,-0.27811,14.01,12.27,96.705,-550.53,-0.0079824,0.16713,-0.60402,-0.08082,0.15845,-0.64179,-0.013266,0.15723,-0.66207,0.036145,0.15724,-0.66014
3132,0.97513,0.062341,-0.2127,-0.071209,0.99687,-0.03428,0.20989,0.048573,0.97652,2.0105,-12.28,-3.658,0.020848,-0.10633,-0.033604,0.99354,0.18376,-0.93728,-0.29621,13.028,11.133,97.136,-550.13,-0.00804,0.16727,-0.6044,-0.080144,0.15838,-0.6436,-0.012308,0.15703,-0.66258,0.037122,0.15711,-0.65969
3135,0.98004,0.059912,-0.18956,-0.06837,0.99692,-0.038397,0.18668,0.050591,0.98112,2.2412,-10.927,-3.4982,0.022364,-0.094556,-0.03224,0.99475,0.21846,-0.92363,-0.31492,11.752,9.6417,97.322,-550.08,-0.0083454,0.16739,-0.60484,-0.079582,0.15837,-0.64573,-0.011242,0.15709,-0.66309,0.03803,0.15686,-0.65915
3139,0.98432,0.061755,-0.16523,-0.069178,0.99682,-0.039549,0.16226,0.05036,0.98546,2.2982,-9.5106,-3.59,0.022572,-0.082217,-0.032871,0.99582,0.24702,-0.89976,-0.35973,10.486,7.5226,97.311,-549.87,-0.0091124,0.16736,-0.60508,-0.079267,0.15832,-0.64771,-0.010546,0.15706,-0.66338,0.038671,0.15701,-0.65818
3142,0.98739,0.063349,-0.14508,-0.069959,0.99671,-0.040916,0.14201,0.05055,0.98857,2.37,-8.3421,-3.671,0.022945,-0.07202,-0.033441,0.99658,0.2776,-0.87134,-0.40459,9.4823,5.9147,97.347,-549.34,-0.0094629,0.16735,-0.60497,-0.078656,0.15836,-0.64901,-0.0096798,0.15696,-0.66337,0.039438,0.15719,-0.65711
3145,0.99018,0.063349,-0.12465,-0.068806,0.99683,-0.039975,0.12172,0.048159,0.9914,2.309,-7.1605,-3.6606,0.022093,-0.061759,-0.033128,0.9973,0.30066,-0.84045,-0.45083,8.4282,5.247,97.278,-549.34,-0.0093525,0.16746,-0.60496,-0.077656,0.15835,-0.65041,-0.0083766,0.15734,-0.6633,0.040542,0.15721,-0.65618
3148,0.99254,0.063959,-0.10376,-0.0688,0.99667,-0.043761,0.10062,0.050574,0.99364,2.5218,-5.9559,-3.687,0.023634,-0.051205,-0.033261,0.99785,0.36097,-0.78207,-0.508,7.5082,3.8863,97.414,-549.04,-0.0093275,0.16743,-0.60521,-0.076667,0.1583,-0.65214,-0.0071352,0.15707,-0.6636,0.041694,0.15722,-0.65532
3151,0.99478,0.060874,-0.08194,-0.064665,0.99692,-0.044431,0.078983,0.049498,0.99565,2.5552,-4.7001,-3.5018,0.023519,-0.040295,-0.031435,0.99842,0.41806,-0.71625,-0.55876,6.4501,2.4568,97.334,-549.33,-0.0095694,0.16746,-0.60564,-0.075827,0.15846,-0.65388,-0.0060324,0.15724,-0.66383,0.042548,0.15702,-0.65465
3154,0.99603,0.063605,-0.062249,-0.066816,0.99646,-0.050936,0.05879,0.054893,0.99676,2.9253,-3.5689,-3.6538,0.026493,-0.030301,-0.032649,0.99866,0.51119,-0.58466,-0.62997,5.9415,1.0074,97.757,-549.15,-0.0098908,0.16753,-0.60611,-0.075155,0.15818,-0.65572,-0.0052074,0.15694,-0.66431,0.043191,0.15708,-0.65402
3158,0.99725,0.062638,-0.039587,-0.064724,0.99645,-0.053823,0.036075,0.056237,0.99777,3.0877,-2.2688,-3.594,0.027544,-0.018936,-0.031874,0.99893,0.59637,-0.40998,-0.69012,5.2945,-0.36729,97.795,-549.5,-0.0099808,0.16751,-0.60677,-0.07415,0.15808,-0.65789,-0.0040033,0.15686,-0.66481,0.044186,0.15691,-0.65343
3161,0.99816,0.05733,-0.019494,-0.058453,0.9963,-0.062955,0.015813,0.063979,0.99783,3.6101,-1.117,-3.2872,0.031764,-0.0088351,-0.028974,0.99904,0.72369,-0.20129,-0.66012,5.0312,-1.5107,97.976,-550.03,-0.0093186,0.16725,-0.6081,-0.072429,0.1579,-0.66046,-0.0022025,0.15603,-0.66595,0.045738,0.15614,-0.6535
3164,0.99869,0.051127,-0.0033502,-0.051237,0.99653,-0.065549,-1.2775e-05,0.065635,0.99784,3.7584,-0.19195,-2.9307,0.032825,-0.00083508,-0.025613,0.99913,0.78823,-0.020053,-0.61506,4.7734,-1.8783,97.818,-550.89,-0.0083824,0.16704,-0.60917,-0.070683,0.15797,-0.66248,-0.00036476,0.15571,-0.6668,0.047317,0.15551,-0.65356
3168,0.9988,0.0473,0.012343,-0.046289,0.99631,-0.072228,-0.015714,0.071571,0.99731,4.1423,0.70724,-2.7113,0.035984,0.007021,-0.023419,0.99905,0.82714,0.16139,-0.53833,4.9868,-2.1579,98.302,-551.08,-0.0075234,0.16721,-0.60985,-0.069025,0.15801,-0.66413,0.0013752,0.1555,-0.6674,0.048863,0.15513,-0.65344
3173,0.99819,0.050284,0.032916,-0.04773,0.9961,-0.074238,-0.036521,0.072532,0.9967,4.2597,1.8863,-2.8838,0.036734,0.017379,-0.024531,0.99887,0.77387,0.36612,-0.5168,5.4414,-3.2216,98.473,-551.56,-0.007616,0.16731,-0.61049,-0.067908,0.15785,-0.66598,0.0024814,0.1556,-0.66776,0.049699,0.15535,-0.65285
3178,0.99729,0.053645,0.050425,-0.049701,0.99583,-0.076451,-0.054316,0.073737,0.9958,4.3902,2.8903,-3.079,0.037599,0.026221,-0.025872,0.99861,0.71431,0.49816,-0.49153,6.0345,-4.8476,98.535,-551.75,-0.0082834,0.16726,-0.61088,-0.067569,0.1576,-0.66746,0.0028329,0.15546,-0.66798,0.04979,0.1555,-0.65216
3200,0.9963,0.052011,0.068431,-0.046707,0.99594,-0.076938,-0.072155,0.073457,0.99468,4.4229,3.9239,-2.9883,0.03766,0.035204,-0.02472,0.99836,0.65871,0.61575,-0.43237,6.5551,-5.871,98.537,-551.54,-0.0082262,0.1673,-0.61067,-0.066564,0.15769,-0.66836,0.0039153,0.15553,-0.66759,0.050522,0.15542,-0.65092
3215,0.9951,0.048443,0.086155,-0.041944,0.99625,-0.075707,-0.089499,0.071722,0.9934,4.3581,4.9424,-2.787,0.036928,0.043997,-0.02264,0.99809,0.5981,0.71261,-0.36669,7.0795,-6.2908,98.636,-551.76,-0.0073657,0.16753,-0.61078,-0.064665,0.15823,-0.66949,0.0057232,0.15583,-0.66751,0.052106,0.1555,-0.65007
3222,0.99362,0.044329,0.10367,-0.036341,0.99631,-0.077712,-0.10673,0.073449,0.99157,4.4812,5.9503,-2.5544,0.037878,0.05272,-0.020214,0.99769,0.5571,0.7754,-0.29731,7.7972,-7.048,99.225,-551.99,-0.0068459,0.16805,-0.6111,-0.063106,0.1589,-0.67072,0.0072484,0.15621,-0.66762,0.053289,0.15566,-0.64949
3228,0.99113,0.050699,0.12287,-0.041743,0.99635,-0.0744,-0.1262,0.068611,0.98963,4.2994,7.0578,-2.9283,0.035856,0.062446,-0.023177,0.99713,0.47399,0.8255,-0.30639,8.6766,-9.0315,98.798,-552.64,-0.007869,0.16783,-0.6115,-0.062882,0.15874,-0.6722,0.0073807,0.15626,-0.66765,0.053035,0.15622,-0.64843
3233,0.9882,0.051964,0.14408,-0.040714,0.99597,-0.079959,-0.14765,0.07315,0.98633,4.6347,8.2839,-3.0101,0.038419,0.073203,-0.023255,0.99631,0.44736,0.85238,-0.27079,9.8534,-11.167,99.25,-552.48,-0.0090467,0.16804,-0.6116,-0.062764,0.15844,-0.67349,0.007406,0.15628,-0.66746,0.052681,0.15612,-0.64737
3237,0.98363,0.056999,0.17093,-0.043768,0.99582,-0.080197,-0.17479,0.071403,0.98201,4.6687,9.8421,-3.3164,0.038084,0.08685,-0.025314,0.99517,0.388,0.88484,-0.2579,11.266,-13.199,99.038,-552.68,-0.009747,0.16789,-0.61167,-0.061735,0.15811,-0.67506,0.00826,0.15625,-0.66707,0.052962,0.15638,-0.6457
3240,0.98045,0.054639,0.18901,-0.040676,0.9962,-0.076985,-0.19249,0.067792,0.97895,4.4965,10.895,-3.1897,0.036397,0.095909,-0.023962,0.99444,0.3455,0.91043,-0.22746,12.094,-14.681,98.628,-553.16,-0.010099,0.16771,-0.6118,-0.060886,0.15829,-0.67597,0.0089719,0.15628,-0.6668,0.053259,0.15622,-0.64473
3243,0.97577,0.060439,0.21027,-0.044692,0.99588,-0.078856,-0.21417,0.067548,0.97446,4.6264,12.138,-3.5444,0.03685,0.10683,-0.026462,0.99324,0.31749,0.92045,-0.22799,13.33,-15.992,98.615,-553.33,-0.010407,0.16766,-0.61192,-0.059746,0.15793,-0.6773,0.0098595,0.15626,-0.66652,0.05367,0.15657,-0.64332
3245,0.96816,0.058193,0.24346,-0.040575,0.99622,-0.076766,-0.24701,0.064443,0.96687,4.5395,14.091,-3.4397,0.03561,0.12368,-0.024907,0.99137,0.27163,0.94346,-0.18999,15.066,-17.988,98.438,-553.89,-0.010654,0.16771,-0.61202,-0.057768,0.15812,-0.67896,0.011457,0.15658,-0.66584,0.054444,0.15649,-0.64136
3247,0.96387,0.059074,0.25973,-0.039222,0.99594,-0.080966,-0.26346,0.067854,0.96228,4.8095,15.054,-3.5071,0.037573,0.13209,-0.024817,0.99021,0.26924,0.94651,-0.17783,16.044,-19.113,98.681,-553.78,-0.010782,0.16775,-0.61202,-0.056789,0.15788,-0.67986,0.012219,0.15642,-0.66555,0.054808,0.1564,-0.64028
3250,0.95766,0.059051,0.28178,-0.038139,0.99613,-0.079134,-0.28536,0.065037,0.95621,4.7309,16.367,-3.5285,0.036455,0.14341,-0.024575,0.98869,0.24304,0.95608,-0.16384,17.253,-20.986,98.446,-554.15,-0.01116,0.16766,-0.61199,-0.055532,0.15811,-0.68076,0.013081,0.15643,-0.66493,0.055083,0.15655,-0.6387
3253,0.95099,0.061539,0.30303,-0.037607,0.99574,-0.084193,-0.30692,0.068671,0.94925,5.0686,17.64,-3.7025,0.038723,0.15451,-0.025115,0.98691,0.24013,0.95816,-0.15575,18.56,-22.518,98.851,-553.92,-0.011879,0.16787,-0.61184,-0.054755,0.15769,-0.68171,0.013537,0.15655,-0.66432,0.05497,0.1565,-0.63729
3255,0.94429,0.063305,0.32296,-0.039509,0.99603,-0.079716,-0.32673,0.062516,0.94305,4.8318,18.842,-3.8353,0.036088,0.16484,-0.026087,0.98531,0.21135,0.9654,-0.15277,19.663,-24.34,98.182,-554.62,-0.012773,0.16755,-0.61194,-0.054157,0.15761,-0.68263,0.013789,0.15662,-0.66381,0.054631,0.15659,-0.63591
3258,0.93598,0.064676,0.34606,-0.040427,0.99622,-0.076846,-0.34972,0.057936,0.93506,4.6982,20.246,-3.9529,0.034269,0.17691,-0.026723,0.98327,0.18812,0.97113,-0.1467,20.992,-26.477,97.849,-555.44,-0.013598,0.16746,-0.61219,-0.053173,0.15779,-0.68377,0.014236,0.15678,-0.66332,0.054358,0.15687,-0.6344
3260,0.92884,0.065857,0.36459,-0.037167,0.99567,-0.085163,-0.36862,0.065552,0.92726,5.2475,21.382,-4.0556,0.038397,0.1868,-0.026247,0.9813,0.19946,0.97037,-0.13635,22.197,-28.178,98.485,-555.37,-0.014055,0.16765,-0.61237,-0.052185,0.15742,-0.68485,0.014801,0.15652,-0.66309,0.054383,0.1567,-0.63337
3262,0.92037,0.065781,0.38549,-0.035577,0.99575,-0.084977,-0.38944,0.064496,0.91879,5.2841,22.674,-4.0881,0.038164,0.19786,-0.025879,0.97915,0.18785,0.9739,-0.12738,23.443,-29.947,98.381,-556.09,-0.014372,0.16758,-0.61265,-0.050826,0.15757,-0.68587,0.015651,0.15646,-0.66265,0.054536,0.15678,-0.63206
3264,0.90909,0.068356,0.41096,-0.03559,0.99558,-0.08687,-0.41508,0.064347,0.9075,5.4679,24.265,-4.3001,0.038724,0.21154,-0.026619,0.97624,0.17871,0.9762,-0.12284,25.03,-31.329,98.256,-556.75,-0.014495,0.16746,-0.61295,-0.048909,0.15719,-0.68721,0.016919,0.15642,-0.66206,0.054942,0.15675,-0.63043
3265,0.89652,0.069583,0.43751,-0.033572,0.99542,-0.089523,-0.44173,0.065571,0.89475,5.7136,25.945,-4.4381,0.039851,0.22592,-0.026505,0.97297,0.17257,0.97829,-0.11478,26.704,-32.871,98.326,-557.38,-0.014411,0.16745,-0.61317,-0.046599,0.15704,-0.68842,0.018438,0.15634,-0.66135,0.055487,0.15676,-0.62854
3267,0.88347,0.070156,0.46321,-0.031076,0.99532,-0.091478,-0.46746,0.066423,0.88152,5.9246,27.594,-4.5403,0.040714,0.23997,-0.026102,0.96958,0.16632,0.98029,-0.10663,28.339,-34.302,98.381,-558.01,-0.014204,0.16745,-0.6133,-0.044201,0.15697,-0.68947,0.020001,0.15629,-0.66048,0.056127,0.15676,-0.62662
3269,0.87065,0.068375,0.48713,-0.0268,0.99542,-0.091819,-0.49118,0.066887,0.86849,6.0351,29.152,-4.4904,0.041062,0.25312,-0.024625,0.96625,0.1594,0.98258,-0.095589,29.857,-35.546,98.349,-558.6,-0.013989,0.16742,-0.61334,-0.04195,0.15694,-0.69028,0.021478,0.15627,-0.65953,0.056632,0.15655,-0.62477
3271,0.85915,0.065871,0.50747,-0.021366,0.99543,-0.093037,-0.51128,0.06909,0.85663,6.1985,30.496,-4.3843,0.042079,0.26441,-0.022642,0.96323,0.15661,0.98406,-0.084266,31.173,-36.848,98.371,-559.09,-0.013827,0.16733,-0.61337,-0.03997,0.15685,-0.69095,0.022648,0.15606,-0.65876,0.05705,0.15618,-0.6232
3273,0.84288,0.065317,0.53413,-0.01862,0.99555,-0.092361,-0.53778,0.067904,0.84034,6.2721,32.285,-4.4312,0.041779,0.27943,-0.021881,0.95901,0.14743,0.98605,-0.077214,32.925,-38.132,98.196,-559.98,-0.013708,0.16726,-0.61351,-0.037483,0.15672,-0.69188,0.024158,0.15614,-0.65765,0.057401,0.15603,-0.6211
3275,0.83275,0.063941,0.54995,-0.015828,0.99565,-0.091795,-0.55343,0.067737,0.83014,6.31,33.364,-4.3907,0.041703,0.28843,-0.020852,0.95637,0.14273,0.98718,-0.071368,33.976,-39.33,98.007,-560.8,-0.013678,0.16707,-0.61375,-0.035977,0.15676,-0.69245,0.024991,0.15592,-0.65708,0.057525,0.15586,-0.61994
3277,0.82144,0.065081,0.56657,-0.014231,0.9955,-0.093718,-0.57011,0.068921,0.81867,6.5306,34.511,-4.53,0.042649,0.29807,-0.020798,0.95336,0.1413,0.98757,-0.068908,35.134,-40.323,97.834,-561.57,-0.013631,0.16682,-0.6141,-0.034326,0.15637,-0.69323,0.025905,0.15561,-0.65664,0.057676,0.15563,-0.61877
3279,0.80813,0.065339,0.58537,-0.011389,0.99538,-0.095383,-0.58889,0.070415,0.80514,6.7562,35.829,-4.6224,0.043639,0.30907,-0.020195,0.94982,0.13952,0.98811,-0.064565,36.455,-41.246,97.817,-562.38,-0.013441,0.16673,-0.61443,-0.032323,0.15608,-0.69402,0.027051,0.15548,-0.65601,0.057907,0.15542,-0.61746
3281,0.79367,0.06443,0.60493,-0.0054987,0.99509,-0.098772,-0.60833,0.075066,0.79013,7.1254,37.224,-4.6411,0.045945,0.32066,-0.018482,0.9459,0.1416,0.98828,-0.056962,37.866,-42.71,98.208,-563.12,-0.013184,0.16684,-0.6146,-0.030118,0.1561,-0.69471,0.028284,0.15524,-0.65517,0.058177,0.15536,-0.61583
3283,0.77015,0.061308,0.63491,0.001429,0.9952,-0.097832,-0.63786,0.076253,0.76637,7.2749,39.413,-4.5515,0.046317,0.33863,-0.015931,0.93964,0.13537,0.9897,-0.046562,40.017,-44.437,98.33,-564.34,-0.01289,0.16693,-0.61464,-0.026793,0.15623,-0.69538,0.030063,0.15529,-0.65363,0.05846,0.15515,-0.61316
