frames,r11,r21,r31,r12,r22,r32,r13,r23,r33,roll,pitch,yaw,q1,q2,q3,q4,u1,u2,u3,angle,Sx,Sy,Sz,M1x,M1y,M1z,M2x,M2y,M2z,M3x,M3y,M3z,M4x,M4y,M4z
4002,0.99851,-0.03629,-0.040781,0.026614,0.97586,-0.21675,0.047662,0.21534,0.97537,12.529,-2.3372,2.0814,0.10871,-0.022251,0.015826,0.9937,0.96987,-0.19852,0.14119,12.871,-12.609,151.83,-864.02,-0.015549,0.1999,-0.90961,-0.072894,0.19808,-0.96912,-0.033915,0.19622,-0.98102,0.043937,0.18837,-0.94991
4047,0.99746,-0.041728,-0.057641,0.028506,0.9765,-0.21362,0.0652,0.21144,0.97521,12.356,-3.3044,2.3955,0.10695,-0.030907,0.017671,0.99363,0.94881,-0.2742,0.15677,12.944,-11.524,151.55,-863.63,-0.01477,0.19971,-0.90911,-0.073104,0.19853,-0.9676,-0.034293,0.19631,-0.98025,0.043978,0.18819,-0.95028
4056,0.99605,-0.04729,-0.075158,0.03044,0.97695,-0.21129,0.083418,0.20817,0.97453,12.233,-4.3103,2.7182,0.10556,-0.039907,0.019561,0.99342,0.92164,-0.34843,0.17079,13.153,-10.056,151.35,-864.05,-0.013622,0.19957,-0.90943,-0.072931,0.19901,-0.96685,-0.034368,0.1964,-0.9802,0.044327,0.18803,-0.95152
4139,0.99676,-0.037458,-0.071149,0.022738,0.98005,-0.19743,0.077125,0.19517,0.97773,11.416,-4.08,2.1522,0.098713,-0.037281,0.015135,0.9943,0.92603,-0.34973,0.14198,12.239,-11.94,150.98,-863.1,-0.015895,0.19988,-0.90772,-0.074932,0.19951,-0.96544,-0.036292,0.19761,-0.97851,0.042349,0.18928,-0.94974
4176,0.99509,-0.048651,-0.086229,0.030895,0.98003,-0.19642,0.094063,0.19279,0.97672,11.37,-4.9467,2.799,0.097893,-0.045347,0.020007,0.99396,0.89216,-0.41328,0.18234,12.599,-9.3645,150.59,-864.6,-0.013504,0.19963,-0.90905,-0.073394,0.19998,-0.96588,-0.035018,0.19774,-0.97951,0.04399,0.18838,-0.95183
4288,0.99399,-0.060207,-0.09148,0.042583,0.98207,-0.18365,0.1009,0.17865,0.97872,10.628,-5.2488,3.4663,0.091094,-0.048368,0.025844,0.99433,0.85673,-0.4549,0.24306,12.207,-6.8061,149.99,-859.51,-0.010576,0.1997,-0.90324,-0.07074,0.20153,-0.95982,-0.032445,0.19904,-0.97364,0.046556,0.18821,-0.94666
4294,0.99371,-0.066287,-0.090234,0.047033,0.97849,-0.20085,0.10161,0.19535,0.97546,11.635,-5.177,3.8163,0.099705,-0.048277,0.028517,0.99344,0.87163,-0.42204,0.2493,13.137,-6.5609,150.88,-860.15,-0.0098993,0.19972,-0.90489,-0.070013,0.20095,-0.96142,-0.031713,0.19782,-0.97533,0.047161,0.18743,-0.94791
4328,0.99169,-0.075969,-0.10386,0.053377,0.97727,-0.20518,0.11708,0.19793,0.9732,11.905,-5.9613,4.3807,0.10151,-0.055639,0.032573,0.99274,0.84414,-0.46267,0.27086,13.814,-4.9182,151.48,-862.05,-0.0084907,0.20022,-0.90687,-0.069443,0.20177,-0.96264,-0.031334,0.1983,-0.97703,0.047799,0.18717,-0.95071
4338,0.98956,-0.082725,-0.11801,0.058358,0.97872,-0.19672,0.13177,0.18778,0.97333,11.426,-6.7773,4.7787,0.096835,-0.062907,0.035531,0.99267,0.8015,-0.52068,0.29409,13.879,-3.4879,151.13,-863.11,-0.0072912,0.20032,-0.90741,-0.068918,0.20287,-0.96227,-0.031044,0.19925,-0.97712,0.048366,0.18725,-0.95196
4341,0.98674,-0.088087,-0.13634,0.059905,0.97827,-0.1985,0.15086,0.1877,0.97057,11.559,-7.8358,5.1013,0.097338,-0.072383,0.037299,0.99191,0.767,-0.57037,0.29391,14.582,-1.9304,151.09,-862.98,-0.0062594,0.20025,-0.90727,-0.06892,0.20312,-0.96099,-0.031314,0.19924,-0.97662,0.048469,0.18689,-0.95288
4344,0.98371,-0.089749,-0.15573,0.057941,0.9785,-0.19792,0.17015,0.18567,0.96777,11.558,-8.9592,5.2129,0.096749,-0.082192,0.03725,0.99121,0.73128,-0.62125,0.28155,15.205,-0.23936,151.16,-862.6,-0.0053402,0.20042,-0.9067,-0.069013,0.2035,-0.95919,-0.031757,0.19959,-0.97552,0.048449,0.18702,-0.95341
4348,0.98012,-0.09336,-0.17509,0.059059,0.97966,-0.19176,0.18943,0.17761,0.9657,11.231,-10.084,5.4412,0.093216,-0.091991,0.038465,0.99064,0.68292,-0.67395,0.2818,15.69,1.902,150.77,-862.38,-0.003736,0.20035,-0.90606,-0.068342,0.20416,-0.95725,-0.03142,0.20013,-0.97434,0.049102,0.18711,-0.95377
4352,0.97586,-0.097171,-0.19558,0.059848,0.98026,-0.18841,0.21002,0.17216,0.96242,11.077,-11.278,5.6864,0.091076,-0.10245,0.039661,0.98977,0.63823,-0.71793,0.27793,16.408,3.7503,150.41,-862.44,-0.0024263,0.20015,-0.90586,-0.068044,0.20458,-0.95568,-0.031471,0.20032,-0.97355,0.04939,0.18701,-0.95457
4355,0.97045,-0.098854,-0.22012,0.057388,0.98061,-0.18738,0.23437,0.16921,0.95731,11.075,-12.716,5.8163,0.090185,-0.11495,0.039516,0.98848,0.59586,-0.75946,0.26108,17.411,5.7695,150.22,-862.94,-0.0014967,0.20016,-0.90596,-0.06831,0.20478,-0.95415,-0.03225,0.20065,-0.97279,0.049043,0.1869,-0.95591
4357,0.96505,-0.10157,-0.24158,0.05474,0.97963,-0.1932,0.25628,0.17323,0.95095,11.484,-13.98,6.0081,0.092826,-0.12612,0.039597,0.98687,0.57468,-0.7808,0.24514,18.591,7.242,150.47,-863.1,-0.00095113,0.20024,-0.90614,-0.068864,0.20474,-0.95283,-0.033224,0.20049,-0.97235,0.048414,0.18662,-0.95734
4359,0.95883,-0.1015,-0.26522,0.050647,0.98009,-0.19199,0.27943,0.17066,0.94488,11.486,-15.38,6.0429,0.092008,-0.13818,0.038602,0.98537,0.53982,-0.81074,0.22648,19.627,9.0981,150.2,-863.75,-0.0002496,0.20018,-0.90632,-0.069327,0.20474,-0.95139,-0.034173,0.2007,-0.97171,0.047736,0.18651,-0.95874
4361,0.9516,-0.10382,-0.28927,0.049674,0.9808,-0.18859,0.30329,0.16509,0.93849,11.362,-16.814,6.2261,0.089883,-0.15059,0.039007,0.98373,0.5003,-0.83819,0.21712,20.7,10.733,149.86,-864.3,0.00055915,0.20006,-0.90641,-0.06957,0.20511,-0.94974,-0.034945,0.20101,-0.97088,0.047216,0.1865,-0.95987
4363,0.94306,-0.10969,-0.31402,0.049156,0.97965,-0.19459,0.32898,0.16807,0.92926,11.827,-18.302,6.6347,0.092392,-0.16381,0.040469,0.98132,0.48027,-0.85152,0.21036,22.183,12.389,150.22,-864.26,0.0014021,0.20021,-0.90641,-0.069848,0.20545,-0.94786,-0.035806,0.20097,-0.97002,0.046533,0.18626,-0.96121
4365,0.93245,-0.11393,-0.34288,0.049531,0.98033,-0.19105,0.3579,0.16116,0.91975,11.735,-20.052,6.9663,0.089957,-0.17898,0.04175,0.97884,0.43963,-0.8747,0.20403,23.615,14.14,149.69,-864.99,0.0021573,0.20001,-0.90649,-0.070266,0.20587,-0.94575,-0.036942,0.20136,-0.96889,0.045565,0.186,-0.96255
4367,0.92218,-0.11631,-0.36886,0.046997,0.98034,-0.19163,0.3839,0.15938,0.90952,11.898,-21.645,7.1886,0.089891,-0.19277,0.041821,0.97622,0.41468,-0.88928,0.19293,25.039,15.679,149.58,-865.19,0.0028233,0.19987,-0.90646,-0.070626,0.20607,-0.94366,-0.037995,0.2013,-0.96779,0.044626,0.18595,-0.96377
4369,0.91179,-0.11844,-0.39321,0.044382,0.98032,-0.19237,0.40826,0.15794,0.8991,12.077,-23.155,7.4012,0.089957,-0.20581,0.041811,0.97355,0.39373,-0.90082,0.183,26.414,17.476,149.46,-865.87,0.0035313,0.1999,-0.9066,-0.070838,0.2062,-0.94184,-0.038903,0.20155,-0.96679,0.043714,0.18575,-0.96502
4371,0.89347,-0.12341,-0.43183,0.037893,0.97879,-0.20131,0.44752,0.1635,0.8792,12.897,-25.584,7.8639,0.094177,-0.227,0.041639,0.96843,0.37781,-0.91069,0.16705,28.868,19.841,149.71,-866.79,0.0042295,0.19988,-0.90724,-0.071671,0.20611,-0.93926,-0.040841,0.20119,-0.96561,0.04172,0.18521,-0.9674
4373,0.87017,-0.12619,-0.47631,0.032103,0.97912,-0.20074,0.4917,0.15939,0.85605,13.197,-28.445,8.2511,0.093545,-0.25144,0.041116,0.96246,0.34466,-0.92642,0.15149,31.496,22.131,149.29,-868.24,0.0047617,0.19961,-0.90778,-0.072614,0.20626,-0.93594,-0.043147,0.20124,-0.9638,0.039176,0.18496,-0.96969
4374,0.86157,-0.12328,-0.49245,0.028718,0.98035,-0.19518,0.50683,0.15402,0.84817,12.959,-29.502,8.1431,0.090891,-0.2601,0.039563,0.96048,0.32654,-0.93444,0.14213,32.323,23.159,148.76,-869.29,0.0049587,0.19947,-0.90796,-0.072872,0.20616,-0.93475,-0.043927,0.20158,-0.96295,0.038247,0.185,-0.97035
4375,0.85185,-0.12584,-0.50845,0.027963,0.98025,-0.19577,0.52304,0.15255,0.83854,13.141,-30.561,8.4035,0.090901,-0.26919,0.040139,0.95795,0.31679,-0.93813,0.13988,33.351,23.927,148.62,-869.68,0.0052186,0.19932,-0.90811,-0.073076,0.2063,-0.93343,-0.044662,0.20152,-0.9622,0.037332,0.18485,-0.97112
4376,0.8418,-0.12828,-0.52433,0.025641,0.97976,-0.19853,0.53918,0.15368,0.82805,13.483,-31.623,8.6643,0.092183,-0.27835,0.040284,0.9552,0.31146,-0.94046,0.13611,34.432,24.772,148.72,-869.88,0.0054939,0.19927,-0.90823,-0.073241,0.2064,-0.93202,-0.045413,0.20133,-0.96145,0.036357,0.18475,-0.97187
4377,0.83166,-0.12797,-0.54034,0.022154,0.97995,-0.19799,0.55484,0.15269,0.81782,13.609,-32.707,8.7479,0.092038,-0.28743,0.039401,0.95255,0.30239,-0.94435,0.12945,35.441,25.906,148.71,-870.53,0.0058129,0.19941,-0.90825,-0.073366,0.20647,-0.93057,-0.046101,0.20164,-0.96044,0.035441,0.18477,-0.9725
4378,0.82098,-0.12886,-0.55622,0.020206,0.98014,-0.19725,0.5706,0.1507,0.80728,13.731,-33.795,8.9205,0.091586,-0.2966,0.039237,0.94979,0.29271,-0.94794,0.1254,36.466,26.968,148.44,-871.23,0.0061607,0.19932,-0.90831,-0.073406,0.20645,-0.92913,-0.046759,0.2018,-0.95945,0.034491,0.18452,-0.9732
4379,0.80855,-0.13331,-0.57312,0.020271,0.97973,-0.1993,0.58807,0.14952,0.79487,14.076,-34.968,9.3626,0.092138,-0.30672,0.040568,0.94646,0.28542,-0.95013,0.12567,37.667,27.754,148.45,-871.3,0.0065591,0.19917,-0.90839,-0.073429,0.20681,-0.9275,-0.047416,0.20162,-0.95853,0.033511,0.18445,-0.97386
4380,0.79767,-0.13097,-0.5887,0.016463,0.9805,-0.19583,0.60287,0.14652,0.78427,14.02,-36.065,9.3245,0.090692,-0.31566,0.039057,0.94372,0.2742,-0.95439,0.11809,38.628,28.884,148.06,-872.14,0.0069275,0.199,-0.90847,-0.07338,0.20662,-0.92607,-0.047984,0.20172,-0.95752,0.032596,0.18442,-0.97444
4381,0.78508,-0.13375,-0.60477,0.017022,0.9807,-0.1948,0.61915,0.14264,0.77221,14.158,-37.213,9.6686,0.089698,-0.32535,0.04008,0.94048,0.26393,-0.95731,0.11793,39.736,29.754,147.67,-872.81,0.0072868,0.19878,-0.90859,-0.07333,0.20677,-0.92456,-0.048541,0.20183,-0.95651,0.031626,0.18414,-0.97506
4382,0.77297,-0.13303,-0.62034,0.014247,0.98116,-0.19266,0.63428,0.14008,0.76031,14.219,-38.341,9.7652,0.088746,-0.33462,0.039281,0.93734,0.25472,-0.96042,0.11274,40.78,30.726,147.43,-873.45,0.0076385,0.19863,-0.9087,-0.073268,0.20677,-0.92307,-0.049123,0.20185,-0.9555,0.030644,0.18419,-0.97554
4383,0.76152,-0.13407,-0.63412,0.011386,0.98099,-0.19374,0.64804,0.14032,0.74857,14.51,-39.355,9.9851,0.089394,-0.34311,0.038925,0.93422,0.25062,-0.96192,0.10913,41.794,31.71,147.36,-873.97,0.0079844,0.19859,-0.90874,-0.073159,0.20672,-0.92167,-0.049629,0.20185,-0.95449,0.029715,0.18399,-0.97608
4384,0.74977,-0.13674,-0.64741,0.0093831,0.98051,-0.19623,0.66163,0.14105,0.73645,14.92,-40.347,10.336,0.090573,-0.35153,0.03924,0.93096,0.24806,-0.96277,0.10747,42.831,32.539,147.46,-874.13,0.0083223,0.19856,-0.90876,-0.073037,0.20688,-0.9202,-0.050094,0.20172,-0.95356,0.028825,0.1839,-0.97653
4385,0.73819,-0.13522,-0.66091,0.0073646,0.98126,-0.19254,0.67456,0.13726,0.72535,14.866,-41.369,10.38,0.088846,-0.35977,0.038411,0.92801,0.23848,-0.96566,0.1031,43.747,33.415,147.12,-874.88,0.0086559,0.19843,-0.90882,-0.072883,0.20686,-0.91884,-0.050544,0.20188,-0.95253,0.02793,0.18396,-0.97692
4386,0.7261,-0.13716,-0.67377,0.0062518,0.98118,-0.19301,0.68756,0.13593,0.71329,15.141,-42.359,10.697,0.088926,-0.36803,0.038772,0.92474,0.23365,-0.96697,0.10187,44.742,34.27,146.86,-875.61,0.0089536,0.19834,-0.90887,-0.072767,0.20684,-0.91747,-0.051,0.20202,-0.9515,0.027001,0.18357,-0.97742
4387,0.71424,-0.1341,-0.68693,0.0027044,0.98199,-0.18889,0.69989,0.13306,0.70174,15.065,-43.388,10.634,0.087326,-0.37617,0.037108,0.92168,0.2251,-0.96963,0.09565,45.654,35.102,146.67,-876.26,0.0092153,0.19827,-0.9089,-0.072648,0.2068,-0.91605,-0.051477,0.2021,-0.95043,0.025999,0.18386,-0.97766
4388,0.70108,-0.13847,-0.69951,0.0021775,0.98138,-0.19208,0.71308,0.13314,0.68832,15.592,-44.388,11.173,0.088571,-0.3847,0.038303,0.91798,0.22332,-0.96995,0.096575,46.734,35.781,146.65,-876.52,0.0094648,0.19819,-0.9089,-0.072485,0.20698,-0.91454,-0.051968,0.20204,-0.94939,0.025032,0.18352,-0.97809
4389,0.68878,-0.13659,-0.71199,-0.0027899,0.98158,-0.19101,0.72496,0.13355,0.67572,15.785,-45.397,11.217,0.088716,-0.39277,0.036573,0.91461,0.21942,-0.97143,0.090454,47.698,36.672,146.62,-876.97,0.0097243,0.19811,-0.90891,-0.072321,0.20682,-0.91307,-0.052436,0.20187,-0.94833,0.023986,0.18364,-0.97833
4390,0.67404,-0.13865,-0.72557,-0.0022257,0.98184,-0.1897,0.73869,0.12948,0.66149,16.001,-46.516,11.624,0.087619,-0.40197,0.037452,0.91068,0.2121,-0.97303,0.09066,48.8,37.329,146.31,-877.51,0.010019,0.19789,-0.90897,-0.072069,0.20703,-0.91151,-0.052873,0.20192,-0.94716,0.02299,0.18354,-0.97864
4391,0.66029,-0.13719,-0.73838,-0.0049226,0.98236,-0.18693,0.751,0.12706,0.64796,16.092,-47.593,11.738,0.086546,-0.41052,0.036458,0.907,0.20551,-0.97482,0.086573,49.811,38.205,146.11,-878.26,0.010341,0.19784,-0.909,-0.071739,0.20701,-0.90998,-0.053234,0.20206,-0.94597,0.022013,0.18361,-0.97893
4392,0.64606,-0.13782,-0.75074,-0.0082683,0.98224,-0.18744,0.76324,0.1273,0.63345,16.484,-48.655,12.042,0.087137,-0.41915,0.035868,0.90302,0.20283,-0.97565,0.083489,50.885,39.168,146.2,-878.75,0.01074,0.19789,-0.90903,-0.071329,0.20711,-0.90844,-0.053514,0.20207,-0.94483,0.021057,0.18366,-0.9792
4393,0.6324,-0.137,-0.76243,-0.010505,0.98263,-0.18528,0.77457,0.12518,0.61998,16.639,-49.679,12.223,0.086305,-0.42727,0.035164,0.89931,0.19735,-0.97703,0.080409,51.866,40.142,145.9,-879.63,0.011201,0.19779,-0.90907,-0.070836,0.20698,-0.90703,-0.053689,0.20222,-0.94363,0.020195,0.18349,-0.97952
4394,0.6184,-0.13653,-0.77391,-0.01301,0.98288,-0.18379,0.78575,0.12373,0.60604,16.871,-50.706,12.45,0.085857,-0.43544,0.034486,0.89545,0.19287,-0.97816,0.077468,52.867,41.207,145.61,-880.44,0.011759,0.19762,-0.90915,-0.070273,0.20682,-0.90562,-0.053756,0.2022,-0.94253,0.019437,0.18329,-0.97983
4395,0.60321,-0.13689,-0.78575,-0.011745,0.98353,-0.18036,0.79749,0.11802,0.59167,16.953,-51.79,12.785,0.083683,-0.44403,0.035097,0.89141,0.18465,-0.97975,0.077441,53.899,42.079,145.28,-880.96,0.012399,0.19738,-0.90927,-0.069504,0.2071,-0.90417,-0.053707,0.20225,-0.94142,0.018749,0.18352,-0.97999
4396,0.58923,-0.13759,-0.79616,-0.014942,0.98337,-0.181,0.80782,0.11855,0.57738,17.405,-52.765,13.143,0.084388,-0.45187,0.034552,0.88741,0.18306,-0.98024,0.074952,54.901,43.248,145.32,-881.5,0.013072,0.19738,-0.90938,-0.068679,0.20713,-0.90282,-0.053588,0.20219,-0.94041,0.018159,0.1835,-0.9802
4397,0.57536,-0.1388,-0.80603,-0.016655,0.9833,-0.18122,0.81773,0.11769,0.56344,17.829,-53.71,13.563,0.084584,-0.45948,0.034565,0.88347,0.18055,-0.98079,0.073782,55.871,44.381,144.97,-882.43,0.013778,0.19717,-0.90955,-0.067871,0.20692,-0.90162,-0.053401,0.20218,-0.93941,0.017595,0.18301,-0.98059
4398,0.56035,-0.14108,-0.81615,-0.017176,0.98319,-0.18175,0.82808,0.11586,0.54851,18.333,-54.702,14.132,0.084625,-0.46753,0.035233,0.87921,0.17762,-0.98132,0.073951,56.905,45.412,144.84,-882.98,0.014479,0.19705,-0.9097,-0.066981,0.20709,-0.90029,-0.053254,0.20217,-0.9384,0.017033,0.18291,-0.98081
4399,0.54627,-0.13973,-0.82587,-0.019204,0.98364,-0.17913,0.83739,0.11371,0.53465,18.523,-55.677,14.348,0.083641,-0.47506,0.034425,0.87529,0.17296,-0.98235,0.071187,57.841,46.435,144.65,-883.59,0.01512,0.19688,-0.90983,-0.066166,0.20707,-0.899,-0.053074,0.20206,-0.93739,0.016436,0.18306,-0.9809
4400,0.53299,-0.13915,-0.8346,-0.022775,0.98367,-0.17855,0.84582,0.11417,0.52111,18.913,-56.574,14.632,0.083974,-0.48207,0.033385,0.87146,0.17121,-0.98288,0.068068,58.742,47.52,144.65,-884.27,0.015742,0.19692,-0.90987,-0.065344,0.20699,-0.89774,-0.052875,0.20211,-0.93631,0.015884,0.18302,-0.98103
4401,0.5185,-0.14098,-0.84338,-0.023098,0.98365,-0.17863,0.85477,0.1121,0.50676,19.417,-57.499,15.211,0.083801,-0.48949,0.033979,0.86731,0.16835,-0.98336,0.068263,59.705,48.444,144.47,-884.64,0.016386,0.1967,-0.90997,-0.064445,0.20711,-0.89644,-0.052649,0.20197,-0.93531,0.015379,0.18294,-0.98117
4403,0.49247,-0.13992,-0.85901,-0.028347,0.98389,-0.17651,0.86987,0.11128,0.48057,20.168,-59.206,15.861,0.083681,-0.50271,0.032442,0.85979,0.16387,-0.98443,0.063531,61.415,50.572,144.2,-886.07,0.017764,0.19651,-0.91025,-0.062623,0.20688,-0.89425,-0.051986,0.20185,-0.93347,0.014531,0.18278,-0.98147
4405,0.46689,-0.13733,-0.87359,-0.029225,0.98493,-0.17045,0.88383,0.10511,0.45584,20.502,-60.878,16.39,0.080803,-0.51531,0.031699,0.85259,0.15462,-0.98611,0.060659,63.01,52.658,143.48,-887.85,0.019401,0.19609,-0.91072,-0.060502,0.20666,-0.89238,-0.051019,0.20189,-0.93182,0.014018,0.1827,-0.98176
4407,0.44199,-0.13617,-0.88662,-0.029617,0.98566,-0.16615,0.89653,0.099695,0.43162,21.054,-62.452,17.124,0.078609,-0.52727,0.031509,0.84547,0.1472,-0.98735,0.059002,64.556,54.825,142.95,-889.24,0.021177,0.19578,-0.91102,-0.058127,0.20664,-0.89044,-0.049754,0.20195,-0.93015,0.013772,0.1827,-0.98189
4408,0.42858,-0.13618,-0.89318,-0.030374,0.98585,-0.16488,0.90299,0.097795,0.41838,21.51,-63.276,17.628,0.078034,-0.53359,0.031432,0.84155,0.14446,-0.9878,0.058188,65.392,55.92,142.83,-889.98,0.022045,0.19575,-0.91118,-0.056899,0.20671,-0.88943,-0.049143,0.20207,-0.92927,0.013574,0.18271,-0.98197
4409,0.41459,-0.13553,-0.89986,-0.030393,0.98623,-0.16254,0.9095,0.094736,0.40476,21.879,-64.14,18.103,0.0768,-0.54011,0.031384,0.83749,0.14054,-0.98841,0.057433,66.247,56.935,142.47,-890.78,0.02287,0.19549,-0.91141,-0.055743,0.20663,-0.88841,-0.048589,0.20199,-0.92841,0.013351,0.18264,-0.98207
4410,0.40114,-0.13684,-0.90574,-0.032323,0.98605,-0.16329,0.91545,0.094779,0.39112,22.66,-64.923,18.836,0.077414,-0.5463,0.031353,0.83341,0.14008,-0.98851,0.056731,67.098,58.08,142.5,-891.11,0.023708,0.19539,-0.91156,-0.054504,0.20672,-0.88739,-0.048001,0.2018,-0.92757,0.0131,0.18267,-0.98211
4411,0.3876,-0.13518,-0.91186,-0.033916,0.98643,-0.16065,0.9212,0.093194,0.37775,23.039,-65.764,19.227,0.076511,-0.55251,0.030522,0.82942,0.13697,-0.98907,0.054638,67.921,59.138,142.23,-892.07,0.024536,0.19529,-0.91168,-0.053332,0.20653,-0.88634,-0.047389,0.20188,-0.92659,0.012816,0.18255,-0.98218
4412,0.37298,-0.13415,-0.91809,-0.032888,0.98696,-0.15757,0.92726,0.088964,0.3637,23.424,-66.649,19.782,0.074691,-0.55908,0.030678,0.82517,0.13223,-0.98973,0.054308,68.788,60.045,141.86,-893.01,0.025349,0.19514,-0.91185,-0.052036,0.20654,-0.88531,-0.046743,0.20207,-0.9256,0.012548,0.18254,-0.98219
4413,0.35842,-0.13541,-0.92369,-0.033753,0.9869,-0.15778,0.93295,0.087728,0.34916,24.318,-67.471,20.697,0.074782,-0.56553,0.030966,0.82074,0.1309,-0.98991,0.054204,69.682,61.218,141.72,-893.56,0.026287,0.19496,-0.91206,-0.05067,0.20659,-0.88428,-0.046026,0.20191,-0.92476,0.012375,0.18246,-0.98223
4414,0.34518,-0.13362,-0.92898,-0.035394,0.98726,-0.15515,0.93787,0.086436,0.33605,24.783,-68.276,21.162,0.073946,-0.57141,0.030065,0.81677,0.12817,-0.99038,0.05211,70.474,62.403,141.59,-894.46,0.027268,0.19495,-0.91221,-0.04924,0.20649,-0.88334,-0.0452,0.20203,-0.92385,0.012289,0.1825,-0.98225
4415,0.33065,-0.13422,-0.93416,-0.032148,0.98766,-0.15329,0.9432,0.080716,0.32226,25.439,-69.093,22.093,0.072001,-0.57766,0.031407,0.81249,0.12351,-0.99088,0.053874,71.32,63.351,141.17,-895.21,0.028254,0.19475,-0.91238,-0.047784,0.20669,-0.88236,-0.044338,0.20224,-0.92294,0.01225,0.18248,-0.98225
4416,0.31845,-0.13206,-0.9387,-0.035462,0.9879,-0.15101,0.94728,0.081378,0.30991,25.979,-69.834,22.524,0.071837,-0.583,0.029861,0.80874,0.12214,-0.99121,0.05077,72.054,64.634,141.07,-896.01,0.029241,0.19463,-0.91261,-0.046397,0.20641,-0.88155,-0.043513,0.20204,-0.92223,0.012215,0.18248,-0.98229
4417,0.30466,-0.13235,-0.94322,-0.034757,0.98809,-0.14987,0.95183,0.078443,0.29643,26.821,-70.6,23.481,0.070945,-0.58886,0.030325,0.80455,0.11946,-0.99153,0.051062,72.867,65.637,140.87,-896.8,0.03016,0.19454,-0.91288,-0.044921,0.20652,-0.88076,-0.042639,0.20215,-0.92145,0.012209,0.18248,-0.98236
4418,0.29082,-0.1309,-0.94778,-0.030705,0.98881,-0.14599,0.95628,0.071559,0.28355,27.243,-71.402,24.233,0.067942,-0.59465,0.031293,0.8005,0.11336,-0.99218,0.052212,73.645,66.601,140.3,-897.72,0.031233,0.19422,-0.9132,-0.043457,0.20659,-0.87999,-0.041731,0.20231,-0.92068,0.01225,0.18257,-0.98238
4419,0.28003,-0.12893,-0.9513,-0.033846,0.989,-0.144,0.9594,0.072522,0.27258,27.846,-72.044,24.722,0.067907,-0.59925,0.02982,0.79712,0.11246,-0.99243,0.049385,74.288,67.859,140.36,-898.29,0.032235,0.19426,-0.91323,-0.041988,0.20644,-0.87914,-0.040767,0.20224,-0.91992,0.012386,0.18268,-0.98225
4420,0.26652,-0.12663,-0.95547,-0.02791,0.9899,-0.13898,0.96342,0.063708,0.2603,28.098,-72.838,25.413,0.063881,-0.60479,0.031113,0.79321,0.1049,-0.99317,0.051094,75.027,68.761,139.74,-898.97,0.033358,0.19396,-0.91328,-0.040406,0.2066,-0.87815,-0.039706,0.20253,-0.91892,0.012604,0.18292,-0.982
4421,0.25624,-0.12488,-0.95851,-0.031117,0.99004,-0.1373,0.96611,0.065009,0.2498,28.796,-73.438,25.983,0.064027,-0.6091,0.029673,0.78995,0.10442,-0.99336,0.048393,75.639,70.082,139.72,-899.39,0.034417,0.19387,-0.91326,-0.038901,0.20635,-0.87732,-0.038692,0.2023,-0.91813,0.012869,0.18293,-0.9818
4423,0.23358,-0.12328,-0.96449,-0.025311,0.99082,-0.13277,0.97201,0.055425,0.22831,30.179,-74.686,27.824,0.060084,-0.61825,0.031277,0.78306,0.096606,-0.99405,0.050288,76.917,72.215,138.92,-900.42,0.036679,0.19336,-0.91347,-0.035738,0.20645,-0.87582,-0.036448,0.20238,-0.91668,0.013555,0.18305,-0.9815
4425,0.20703,-0.11945,-0.97102,-0.015887,0.99198,-0.12542,0.97821,0.041391,0.20347,31.649,-76.172,29.984,0.053809,-0.62879,0.033407,0.77499,0.085145,-0.99497,0.052863,78.391,75.53,137.54,-902.15,0.040453,0.19262,-0.91369,-0.030823,0.20626,-0.8741,-0.032609,0.20269,-0.91492,0.015429,0.18291,-0.98115
4426,0.19163,-0.11709,-0.97446,-0.013331,0.99246,-0.12188,0.98138,0.036346,0.18862,32.868,-77.022,31.426,0.051359,-0.63486,0.033681,0.77018,0.080521,-0.99535,0.052805,79.26,77.715,136.84,-903.12,0.042799,0.19221,-0.91373,-0.027784,0.20591,-0.87308,-0.030225,0.20272,-0.9137,0.016616,0.18264,-0.9809
4427,0.183,-0.12038,-0.97571,-0.013991,0.99206,-0.12502,0.98301,0.036531,0.17986,34.803,-77.347,33.338,0.052638,-0.6382,0.034664,0.76729,0.082079,-0.99516,0.054053,79.778,79.097,136.87,-902.89,0.043991,0.19208,-0.91366,-0.02616,0.2061,-0.87237,-0.028985,0.20246,-0.9132,0.017292,0.18254,-0.9807
4428,0.17589,-0.1141,-0.97777,-0.0058105,0.99312,-0.11694,0.98439,0.02625,0.17402,33.901,-77.898,32.972,0.046773,-0.64094,0.035374,0.76535,0.072672,-0.99584,0.054961,80.124,79.845,136.03,-903.63,0.045242,0.19172,-0.91358,-0.024601,0.20595,-0.87176,-0.027676,0.20284,-0.91248,0.017964,0.18285,-0.98033
4429,0.16866,-0.11313,-0.97916,-0.0079814,0.9932,-0.11613,0.98564,0.027402,0.16661,34.877,-78.282,33.852,0.047032,-0.6438,0.034455,0.76297,0.072755,-0.99592,0.0533,80.547,81.196,135.99,-903.8,0.046403,0.1916,-0.91355,-0.023032,0.20574,-0.87123,-0.026448,0.20256,-0.91193,0.018593,0.18284,-0.98011
4430,0.15839,-0.11597,-0.98054,-0.0011257,0.99306,-0.11763,0.98738,0.019735,0.15716,36.814,-78.679,36.211,0.045204,-0.64759,0.037792,0.7597,0.069516,-0.99589,0.058118,81.124,81.999,135.38,-904.15,0.047599,0.19128,-0.91358,-0.021445,0.20603,-0.87058,-0.025239,0.20289,-0.91122,0.019222,0.18252,-0.98004
4432,0.14339,-0.10922,-0.98362,0.0059816,0.99397,-0.10949,0.98965,0.0098169,0.14318,37.406,-79.616,37.295,0.039503,-0.65334,0.038142,0.75507,0.060251,-0.99649,0.058175,81.936,83.912,134.56,-905.24,0.049864,0.19082,-0.91374,-0.018432,0.20583,-0.86962,-0.022827,0.20303,-0.91027,0.020413,0.18292,-0.97966
4433,0.13686,-0.11,-0.98446,0.0037318,0.99387,-0.11053,0.99058,0.011454,0.13643,39.013,-79.887,38.79,0.040508,-0.65585,0.037767,0.75285,0.061545,-0.99645,0.057381,82.323,85.166,134.65,-905.42,0.050895,0.19077,-0.91392,-0.017003,0.2058,-0.86938,-0.021736,0.20278,-0.91005,0.020947,0.18293,-0.97967
4434,0.13005,-0.10893,-0.98551,0.0080827,0.99403,-0.1088,0.99148,0.0061836,0.13015,39.895,-80.233,39.949,0.038292,-0.65838,0.038966,0.7507,0.057963,-0.99657,0.058983,82.697,85.617,134.04,-906.54,0.051772,0.19053,-0.91428,-0.015831,0.20561,-0.86932,-0.020768,0.2031,-0.90982,0.021424,0.18256,-0.97993
4435,0.12326,-0.11226,-0.986,0.0090162,0.99367,-0.11201,0.99233,0.0049164,0.12349,42.208,-80.403,42.327,0.039058,-0.66085,0.040513,0.7484,0.05889,-0.99639,0.061083,83.096,86.659,133.93,-906.7,0.05273,0.19034,-0.91468,-0.014553,0.20583,-0.86925,-0.019812,0.20293,-0.90984,0.02193,0.18245,-0.98016
4437,0.1138,-0.10926,-0.98748,0.015999,0.99401,-0.10814,0.99338,-0.0034935,0.11486,43.272,-80.923,43.834,0.035095,-0.66433,0.042008,0.74543,0.052648,-0.99662,0.06302,83.608,88.067,133.41,-907.88,0.054477,0.19008,-0.91545,-0.01231,0.20597,-0.86937,-0.017936,0.20319,-0.90991,0.023021,0.18282,-0.9805
4438,0.10983,-0.11197,-0.98762,0.014207,0.99371,-0.11108,0.99385,-0.001831,0.11073,45.091,-80.976,45.553,0.03671,-0.6658,0.042398,0.74402,0.054942,-0.99647,0.063455,83.85,88.902,133.46,-908.37,0.055155,0.19003,-0.91606,-0.01145,0.20602,-0.86972,-0.017206,0.20299,-0.91031,0.023472,0.18261,-0.98099
4439,0.10715,-0.11346,-0.98775,0.014702,0.99354,-0.11253,0.99413,-0.0024639,0.10813,46.142,-81.022,46.637,0.037029,-0.66676,0.043117,0.74311,0.055335,-0.99639,0.064433,84.007,89.347,133.32,-909.25,0.055769,0.19002,-0.91663,-0.010697,0.20597,-0.87021,-0.016536,0.20319,-0.91064,0.023862,0.18227,-0.98153
4440,0.098865,-0.11663,-0.98824,0.018971,0.99315,-0.11531,0.99492,-0.0073472,0.1004,48.955,-81.205,49.713,0.036459,-0.66968,0.045791,0.74034,0.054235,-0.9962,0.068118,84.479,90.352,132.96,-910.45,0.056978,0.18979,-0.91782,-0.0090766,0.20624,-0.87093,-0.015283,0.20333,-0.91123,0.024574,0.18208,-0.9825
4441,0.094317,-0.1162,-0.98874,0.019298,0.99319,-0.11488,0.99536,-0.0082455,0.095917,50.14,-81.393,50.934,0.036083,-0.67137,0.045849,0.73882,0.053543,-0.99625,0.068035,84.738,91.093,132.83,-911.37,0.05773,0.18969,-0.91855,-0.0080748,0.20618,-0.87134,-0.01442,0.20327,-0.91168,0.024997,0.18206,-0.98301
4442,0.088964,-0.11652,-0.9892,0.021887,0.99312,-0.11502,0.99579,-0.011418,0.090902,51.679,-81.57,52.638,0.035139,-0.67329,0.046946,0.73705,0.051994,-0.99623,0.069464,85.038,91.835,132.77,-912.31,0.058655,0.18976,-0.91923,-0.0068004,0.20641,-0.87171,-0.01342,0.20361,-0.91204,0.025586,0.18218,-0.9835
4443,0.083724,-0.12032,-0.9892,0.025015,0.99262,-0.11862,0.99617,-0.014813,0.086116,54.022,-81.571,55.169,0.035297,-0.67505,0.049417,0.73527,0.052077,-0.99598,0.07291,85.341,92.783,132.32,-912.92,0.059718,0.18936,-0.92002,-0.0054952,0.2065,-0.87219,-0.012292,0.20345,-0.91253,0.026285,0.18178,-0.98414
4491,0.10827,-0.12596,-0.98611,0.056342,0.99112,-0.12041,0.99252,-0.042522,0.1144,46.465,-80.439,49.318,0.026174,-0.66492,0.061261,0.74394,0.039169,-0.99502,0.091674,83.863,103.04,129.97,-912.88,0.071782,0.18787,-0.92113,0.0057393,0.20702,-0.87522,1.0407e-05,0.20398,-0.91569,0.039968,0.18106,-0.98617
4492,0.12436,-0.12465,-0.98438,0.05643,0.99136,-0.11841,0.99063,-0.040823,0.13032,42.258,-79.859,45.067,0.025884,-0.65892,0.060414,0.74934,0.039089,-0.99506,0.091234,82.934,101.85,130.3,-911.71,0.070715,0.18823,-0.9202,0.0039367,0.2071,-0.8754,-0.0011828,0.20429,-0.91586,0.03997,0.18127,-0.98575
4493,0.14249,-0.12716,-0.98159,0.05288,0.99128,-0.12074,0.98838,-0.034703,0.14797,39.212,-78.99,41.745,0.028478,-0.65208,0.059594,0.75527,0.04345,-0.99491,0.090926,81.902,100.91,131.02,-909.62,0.069438,0.18859,-0.91923,0.0017567,0.20742,-0.87561,-0.0026069,0.20409,-0.91628,0.039893,0.18158,-0.98519
4494,0.16268,-0.12829,-0.9783,0.050976,0.99128,-0.12151,0.98536,-0.030101,0.1678,35.91,-78.043,38.259,0.029997,-0.64436,0.058824,0.76187,0.04631,-0.99479,0.090816,80.742,99.421,131.6,-907.88,0.068008,0.18913,-0.91794,-0.00059648,0.2076,-0.87576,-0.0041349,0.20443,-0.91645,0.039844,0.18162,-0.98455
4495,0.18207,-0.12867,-0.97483,0.048543,0.99137,-0.12179,0.98209,-0.025146,0.18675,33.11,-77.118,35.249,0.031453,-0.6369,0.057676,0.76815,0.049124,-0.99472,0.09008,79.625,98.037,132.14,-905.77,0.066524,0.18948,-0.91657,-0.0030381,0.20772,-0.8757,-0.0057399,0.20441,-0.91649,0.039783,0.18178,-0.98372
4496,0.20402,-0.12572,-0.97086,0.04489,0.99188,-0.119,0.97794,-0.019303,0.20801,29.774,-76.134,31.641,0.032152,-0.62846,0.055018,0.77523,0.050899,-0.9949,0.087098,78.349,96.67,132.92,-903.38,0.064994,0.19003,-0.91488,-0.0055027,0.2078,-0.8755,-0.0073183,0.20445,-0.91638,0.039676,0.1824,-0.98262
4497,0.22451,-0.12289,-0.96669,0.040929,0.99233,-0.11664,0.97361,-0.013378,0.22782,27.112,-75.17,28.694,0.033023,-0.62048,0.052387,0.78177,0.052958,-0.99506,0.084012,77.154,95.086,133.59,-901.43,0.063375,0.19062,-0.91322,-0.0079762,0.20774,-0.87531,-0.0089202,0.20469,-0.91612,0.039523,0.1827,-0.9815
4499,0.26497,-0.11668,-0.95717,0.038872,0.99314,-0.1103,0.96347,-0.007979,0.26769,22.394,-73.17,23.766,0.032192,-0.60425,0.048938,0.79464,0.053028,-0.99533,0.080612,74.758,91.862,134.44,-896.94,0.060224,0.19125,-0.90994,-0.012783,0.20779,-0.8749,-0.012047,0.20478,-0.91577,0.039217,0.18365,-0.97912
4500,0.28559,-0.11419,-0.95152,0.036768,0.99345,-0.10819,0.95765,-0.0040885,0.28792,20.593,-72.087,21.793,0.032486,-0.59581,0.04711,0.80109,0.054275,-0.99542,0.078707,73.532,90.309,134.99,-894.89,0.058739,0.19173,-0.90832,-0.015027,0.20782,-0.87483,-0.0134,0.20501,-0.91564,0.039281,0.184,-0.97797
4501,0.30607,-0.1132,-0.94525,0.035997,0.99357,-0.10734,0.95133,-0.0011743,0.30818,19.203,-70.953,20.297,0.03287,-0.58722,0.046196,0.80744,0.055716,-0.99537,0.078305,72.307,88.805,135.43,-892.5,0.057302,0.192,-0.90682,-0.017225,0.20796,-0.87487,-0.014774,0.20498,-0.91571,0.039339,0.18439,-0.97688
4502,0.32489,-0.11054,-0.93927,0.034623,0.99387,-0.10498,0.94512,0.0015879,0.32672,17.814,-69.929,18.79,0.032761,-0.57928,0.044623,0.81325,0.056299,-0.99546,0.076683,71.171,87.085,135.79,-890.59,0.055688,0.1923,-0.90536,-0.019536,0.20793,-0.87485,-0.016208,0.20507,-0.9156,0.039161,0.1847,-0.97572
4503,0.34351,-0.10611,-0.93313,0.030061,0.99433,-0.102,0.93867,0.0069892,0.34476,16.482,-68.929,17.166,0.033273,-0.57141,0.04157,0.81893,0.057978,-0.99569,0.072435,70.044,85.42,136.43,-888.45,0.053921,0.19274,-0.90377,-0.021917,0.20783,-0.87468,-0.017853,0.20502,-0.91537,0.038779,0.18527,-0.97443
4504,0.36151,-0.10037,-0.92695,0.026446,0.99489,-0.097413,0.93199,0.010702,0.36232,15.049,-67.964,15.517,0.032785,-0.56371,0.038456,0.82443,0.057927,-0.99601,0.067947,68.939,83.742,136.88,-886.36,0.052207,0.19304,-0.90213,-0.02426,0.20764,-0.87439,-0.019414,0.20495,-0.91505,0.038374,0.18588,-0.973
4505,0.37739,-0.094431,-0.92123,0.027388,0.99549,-0.090823,0.92565,0.009045,0.37827,13.501,-67.106,14.048,0.030105,-0.55674,0.036722,0.82933,0.053878,-0.99638,0.065721,67.94,81.806,136.85,-884.9,0.050553,0.19319,-0.90056,-0.026453,0.20744,-0.87407,-0.020873,0.20526,-0.91456,0.037954,0.18622,-0.97169
4506,0.39473,-0.09204,-0.91418,0.021588,0.99562,-0.090919,0.91854,0.016153,0.39499,12.963,-66.089,13.125,0.032078,-0.54907,0.034042,0.83447,0.058212,-0.99639,0.061776,66.879,80.314,137.65,-882.31,0.04889,0.19366,-0.89883,-0.028594,0.20746,-0.87372,-0.022333,0.20508,-0.91422,0.03765,0.18676,-0.9702
4507,0.41321,-0.086118,-0.90655,0.020217,0.99614,-0.085414,0.91041,0.016966,0.41336,11.675,-65.033,11.773,0.030468,-0.54073,0.031646,0.84005,0.056161,-0.99672,0.058332,65.71,78.538,137.9,-880.47,0.047285,0.19394,-0.89721,-0.030741,0.20731,-0.8736,-0.023636,0.20526,-0.91394,0.037486,0.18728,-0.96884
4508,0.43356,-0.08184,-0.8974,0.019401,0.99648,-0.081503,0.90091,0.017926,0.43363,10.645,-63.818,10.689,0.029378,-0.53134,0.029913,0.84612,0.055119,-0.9969,0.056124,64.416,76.76,138.22,-878.39,0.045736,0.19422,-0.89568,-0.032877,0.20732,-0.87376,-0.024877,0.2054,-0.91393,0.037536,0.18783,-0.96743
4509,0.45673,-0.077844,-0.88619,0.018239,0.99677,-0.078157,0.88942,0.019533,0.45668,9.7117,-62.399,9.6724,0.028633,-0.52042,0.028161,0.85296,0.054855,-0.99704,0.053952,62.929,74.957,138.65,-876.38,0.044213,0.19467,-0.89408,-0.034933,0.20736,-0.87418,-0.025878,0.20576,-0.91408,0.037832,0.1883,-0.96614
4510,0.48211,-0.073443,-0.87303,0.017244,0.99708,-0.074356,0.87594,0.020794,0.48197,8.7701,-60.812,8.6615,0.027647,-0.50818,0.02635,0.8604,0.054251,-0.99719,0.051706,61.276,73.119,138.94,-873.8,0.042713,0.19483,-0.8925,-0.037025,0.20733,-0.87482,-0.026871,0.20566,-0.91446,0.038394,0.18891,-0.96462
4511,0.5097,-0.067026,-0.85774,0.016943,0.99755,-0.067883,0.86019,0.020067,0.50958,7.5878,-59.064,7.4915,0.025318,-0.49454,0.024172,0.86845,0.051067,-0.9975,0.048756,59.442,71.034,139.28,-871.6,0.041089,0.19526,-0.89076,-0.039229,0.20739,-0.87557,-0.02781,0.20611,-0.91479,0.039025,0.18964,-0.96296
4512,0.53773,-0.064171,-0.84067,0.016026,0.9977,-0.065906,0.84296,0.021967,0.53752,6.9902,-57.211,6.8053,0.025064,-0.48022,0.022875,0.87649,0.052062,-0.99751,0.047515,57.556,68.734,139.71,-868.8,0.039259,0.1956,-0.88892,-0.041522,0.20749,-0.87635,-0.028796,0.20624,-0.91519,0.039665,0.19013,-0.96117
4513,0.56728,-0.059737,-0.82135,0.013902,0.99792,-0.062977,0.82341,0.024307,0.56693,6.3386,-55.22,6.0113,0.02466,-0.46468,0.020804,0.88489,0.052941,-0.9976,0.044664,55.524,66.355,140.15,-865.93,0.037365,0.19594,-0.88701,-0.043869,0.20748,-0.87726,-0.029797,0.20633,-0.91566,0.040334,0.19071,-0.95922
4514,0.5987,-0.051138,-0.79934,0.012627,0.99844,-0.054417,0.80088,0.022486,0.59841,5.196,-53.067,4.8821,0.02151,-0.44759,0.017835,0.8938,0.047965,-0.99806,0.03977,53.29,63.803,140.36,-863.3,0.035422,0.19626,-0.88491,-0.046177,0.20738,-0.87821,-0.030598,0.20669,-0.91602,0.041133,0.19153,-0.95695
4515,0.62993,-0.046868,-0.77523,0.010132,0.99859,-0.052139,0.77658,0.024989,0.62952,4.7346,-50.826,4.2551,0.021365,-0.42986,0.015789,0.9025,0.049607,-0.9981,0.036661,51.022,61.198,140.82,-860.08,0.033442,0.19661,-0.88276,-0.048385,0.20737,-0.87926,-0.031396,0.20679,-0.91644,0.041962,0.19209,-0.9546
4516,0.65842,-0.042635,-0.75144,0.010132,0.99881,-0.047793,0.75258,0.023855,0.65807,4.1539,-48.715,3.705,0.019675,-0.41301,0.01449,0.9104,0.047554,-0.99825,0.035023,48.879,58.21,140.9,-857.28,0.031225,0.19672,-0.8808,-0.050738,0.20735,-0.88032,-0.032355,0.2069,-0.91681,0.042499,0.19253,-0.95224
4517,0.68583,-0.033656,-0.72698,0.0051422,0.99913,-0.041404,0.72774,0.024658,0.68541,3.4569,-46.634,2.8094,0.017992,-0.3962,0.010567,0.91793,0.045349,-0.99862,0.026633,46.75,55.244,141.1,-854.79,0.028732,0.19692,-0.87883,-0.05327,0.20696,-0.8813,-0.033493,0.20695,-0.91705,0.042683,0.19315,-0.94975
4518,0.71392,-0.023571,-0.69983,-0.0046047,0.99925,-0.038353,0.70021,0.030604,0.71328,3.0778,-44.413,1.891,0.018626,-0.37817,0.0051229,0.92554,0.04919,-0.9987,0.013529,44.502,52.238,141.66,-851.94,0.026017,0.19731,-0.87671,-0.055911,0.20637,-0.88238,-0.034835,0.20681,-0.91727,0.042646,0.19384,-0.9471
4519,0.74017,-0.016264,-0.67222,-0.0086103,0.9994,-0.033661,0.67236,0.030703,0.73958,2.6059,-42.239,1.2588,0.017253,-0.36043,0.0020517,0.93262,0.047813,-0.99884,0.0056858,42.305,48.769,141.83,-849.0,0.023232,0.19743,-0.87457,-0.058476,0.20613,-0.88329,-0.036051,0.20678,-0.91739,0.042601,0.19447,-0.94429
4520,0.76559,-0.0080165,-0.64328,-0.013344,0.99951,-0.028337,0.64319,0.030278,0.76511,2.1211,-40.037,0.59992,0.015598,-0.34235,-0.0014176,0.93944,0.045515,-0.99896,-0.0041366,40.084,45.376,141.85,-846.19,0.02053,0.19743,-0.87247,-0.060803,0.20573,-0.88427,-0.037103,0.20667,-0.91751,0.042616,0.19505,-0.94142
4521,0.78879,-0.00015971,-0.61467,-0.016051,0.99965,-0.020857,0.61446,0.026318,0.78851,1.5152,-37.928,0.011601,0.012472,-0.32495,-0.0042011,0.94564,0.038349,-0.99918,-0.012918,37.957,42.06,141.59,-844.07,0.017905,0.19735,-0.8706,-0.062996,0.20537,-0.88536,-0.038063,0.20683,-0.91759,0.042524,0.19543,-0.93871
4522,0.80925,0.0065092,-0.58742,-0.020915,0.99962,-0.017736,0.58709,0.026639,0.80908,1.2558,-35.974,-0.46085,0.011665,-0.30874,-0.007209,0.95105,0.037745,-0.99902,-0.023327,36.004,38.686,141.58,-841.53,0.015271,0.19724,-0.86895,-0.065102,0.205,-0.88639,-0.03912,0.20648,-0.91785,0.042215,0.19594,-0.93613
4523,0.82777,0.012238,-0.56093,-0.023515,0.99964,-0.012891,0.56057,0.023861,0.82776,0.89222,-34.12,-0.84705,0.0096118,-0.2933,-0.0093505,0.95593,0.032736,-0.99896,-0.031847,34.148,35.385,141.39,-839.65,0.012639,0.19715,-0.86742,-0.067118,0.20473,-0.88739,-0.040114,0.20653,-0.91795,0.041828,0.19623,-0.93372
4524,0.84505,0.017009,-0.53442,-0.029618,0.99945,-0.015023,0.53387,0.028524,0.84508,1.0185,-32.305,-1.1531,0.011336,-0.27808,-0.012137,0.96041,0.040691,-0.99822,-0.043569,32.351,32.234,141.69,-837.26,0.010094,0.19722,-0.86594,-0.069033,0.20432,-0.88844,-0.041143,0.20615,-0.91818,0.041357,0.19653,-0.93137
4525,0.86035,0.023333,-0.50917,-0.033092,0.9994,-0.010118,0.50862,0.025554,0.86061,0.67357,-30.608,-1.5535,0.0092471,-0.26384,-0.014627,0.96441,0.034973,-0.99786,-0.05532,30.663,29.147,141.35,-835.59,0.0076597,0.19696,-0.86463,-0.070803,0.2039,-0.88939,-0.042007,0.20598,-0.91831,0.040858,0.1968,-0.92907
4526,0.87392,0.030061,-0.48514,-0.039136,0.9992,-0.0085845,0.48449,0.026489,0.8744,0.56249,-29.021,-1.9701,0.0090589,-0.25044,-0.017873,0.96792,0.036057,-0.99681,-0.071138,29.102,26.609,141.43,-834.29,0.0053299,0.19709,-0.86338,-0.0725,0.20342,-0.89033,-0.042883,0.20611,-0.91833,0.040284,0.19698,-0.92697
4527,0.89544,0.041003,-0.44329,-0.047695,0.99885,-0.0039519,0.44262,0.024682,0.89637,0.2526,-26.314,-2.6218,0.0073534,-0.22751,-0.022779,0.97348,0.032143,-0.99451,-0.09957,26.449,20.988,141.21,-831.49,0.00086429,0.19678,-0.86156,-0.075622,0.2028,-0.89205,-0.044774,0.20559,-0.91869,0.038784,0.19774,-0.92335
4528,0.90452,0.044213,-0.42413,-0.05286,0.99856,-0.0086373,0.42314,0.030232,0.90556,0.54648,-25.096,-2.7984,0.0099585,-0.21707,-0.02487,0.97579,0.045531,-0.99247,-0.11371,25.268,18.612,141.53,-830.23,-0.0012952,0.19693,-0.86074,-0.077192,0.20234,-0.89292,-0.045767,0.20538,-0.91887,0.037954,0.19771,-0.92182
4529,0.91346,0.047069,-0.40419,-0.056446,0.99834,-0.011308,0.40299,0.033145,0.91461,0.70839,-23.84,-2.9497,0.011363,-0.20632,-0.026459,0.97806,0.054544,-0.9904,-0.12701,24.048,16.004,141.77,-828.77,-0.003335,0.19702,-0.85992,-0.078523,0.20216,-0.89376,-0.046575,0.20516,-0.91907,0.037171,0.19799,-0.92025
4530,0.9212,0.053759,-0.38535,-0.060995,0.99812,-0.0065685,0.38427,0.029555,0.92275,0.40785,-22.666,-3.3398,0.0092147,-0.19632,-0.029272,0.98006,0.046374,-0.988,-0.14731,22.923,13.773,141.47,-828.09,-0.0052086,0.19681,-0.85929,-0.079762,0.2018,-0.89462,-0.047247,0.20511,-0.91923,0.036516,0.19832,-0.91869
4531,0.92823,0.056194,-0.36775,-0.062304,0.99805,-0.0047517,0.36676,0.027323,0.92991,0.29277,-21.577,-3.4644,0.0081668,-0.18702,-0.030172,0.98186,0.04307,-0.98632,-0.15912,21.861,11.462,141.24,-827.39,-0.0070175,0.19666,-0.85877,-0.0808,0.20163,-0.89545,-0.047919,0.20507,-0.91942,0.035915,0.19837,-0.91733
4532,0.94063,0.061451,-0.33382,-0.067922,0.99766,-0.0077347,0.33256,0.029949,0.94261,0.47014,-19.501,-3.7378,0.0095644,-0.16913,-0.032836,0.985,0.055428,-0.98016,-0.19029,19.873,7.3018,141.42,-825.62,-0.010306,0.1967,-0.85773,-0.082772,0.20125,-0.8971,-0.049066,0.20483,-0.91988,0.034617,0.1987,-0.91486
4533,0.94576,0.067965,-0.31768,-0.072937,0.99733,-0.0037699,0.31658,0.026736,0.94819,0.2278,-18.523,-4.1104,0.0077323,-0.16076,-0.035714,0.98632,0.046901,-0.97513,-0.21663,18.979,5.5144,141.11,-825.31,-0.011868,0.19647,-0.85741,-0.083704,0.20084,-0.89795,-0.049561,0.20473,-0.92013,0.034009,0.19896,-0.91367
4535,0.95542,0.070826,-0.28664,-0.075469,0.99713,-0.0051666,0.28545,0.026568,0.95803,0.30899,-16.657,-4.2396,0.0080239,-0.14465,-0.036989,0.98876,0.053666,-0.96743,-0.24739,17.198,1.6835,141.18,-824.22,-0.014735,0.19651,-0.85686,-0.085166,0.20077,-0.8997,-0.050438,0.20472,-0.92078,0.032977,0.19923,-0.91159
4536,0.96291,0.075158,-0.25914,-0.079895,0.99677,-0.0077801,0.25772,0.028195,0.96581,0.46153,-15.019,-4.463,0.0090788,-0.13043,-0.039129,0.99064,0.066521,-0.95571,-0.2867,15.688,-1.4418,141.26,-823.78,-0.017304,0.19654,-0.85679,-0.08653,0.20038,-0.90166,-0.051186,0.20462,-0.92167,0.031919,0.19934,-0.91018
4538,0.97186,0.084552,-0.21985,-0.088815,0.996,-0.0095621,0.21817,0.02882,0.97549,0.56162,-12.7,-4.9722,0.0096641,-0.11029,-0.043652,0.99289,0.081206,-0.92675,-0.3668,13.67,-6.3887,141.24,-823.59,-0.021433,0.19643,-0.85712,-0.088805,0.19971,-0.90474,-0.052735,0.20432,-0.92333,0.029887,0.19978,-0.90852
4540,0.97722,0.091704,-0.19138,-0.096008,0.99529,-0.013317,0.18926,0.031387,0.98143,0.77738,-11.033,-5.361,0.011241,-0.095713,-0.0472,0.99423,0.10475,-0.89194,-0.43986,12.32,-9.6765,141.43,-823.64,-0.024226,0.19651,-0.85759,-0.09019,0.19918,-0.9072,-0.053665,0.20413,-0.92467,0.028557,0.20013,-0.90759
