frames,r11,r21,r31,r12,r22,r32,r13,r23,r33,pitch,yaw,roll,q1,q2,q3,q4,u1,u2,u3,angle,Sx,Sy,Sz,M1x,M1y,M1z,M2x,M2y,M2z,M3x,M3y,M3z,M4x,M4y,M4z
4937,0.98584,0.041929,0.16234,-0.0054632,0.97575,-0.21883,-0.16758,0.21485,0.96216,12.813,9.343,-2.4354,0.10947,0.083279,-0.011963,0.99042,0.79288,0.60319,-0.086645,15.872,-11.635,134.8,-606.39,-0.003558,0.19099,-0.61647,-0.056875,0.19824,-0.67931,-0.016884,0.19774,-0.68871,0.058895,0.18761,-0.65306
5131,0.98566,0.038284,0.16435,-0.0043765,0.9794,-0.2019,-0.16869,0.19829,0.96552,11.811,9.4592,-2.2243,0.10093,0.083991,-0.010759,0.99128,0.76608,0.63753,-0.081665,15.141,-9.3555,134.4,-604.77,-0.0010332,0.19071,-0.61395,-0.054272,0.19917,-0.67674,-0.01427,0.19865,-0.6861,0.061465,0.18805,-0.65054
5199,0.98257,0.048358,0.17951,-0.013431,0.98152,-0.1909,-0.18542,0.18516,0.96506,11.189,10.341,-2.8176,0.094857,0.092051,-0.015586,0.9911,0.71271,0.69162,-0.1171,15.297,-10.865,135.87,-605.15,-0.0036352,0.19249,-0.61331,-0.056069,0.2008,-0.67691,-0.015944,0.20128,-0.68541,0.059345,0.19062,-0.64903
5224,0.9844,0.035252,0.17235,-0.0034323,0.98338,-0.18153,-0.17589,0.17811,0.96816,10.62,9.9246,-2.0509,0.090639,0.087765,-0.0097495,0.99196,0.71627,0.69356,-0.077045,14.54,-10.119,136.4,-604.13,-0.001655,0.19287,-0.61213,-0.054465,0.20266,-0.67515,-0.014368,0.20226,-0.68421,0.061109,0.19107,-0.64831
5274,0.98271,0.042997,0.18011,-0.004865,0.97833,-0.20701,-0.1851,0.20256,0.96162,12.149,10.376,-2.5053,0.1034,0.092198,-0.012083,0.99028,0.74355,0.66301,-0.086891,15.987,-9.7698,141.86,-621.57,-0.0023508,0.19834,-0.63051,-0.054598,0.20592,-0.69431,-0.014531,0.20617,-0.7028,0.060683,0.19514,-0.66623
5293,0.98081,0.030944,0.19249,0.0077672,0.98034,-0.19718,-0.1948,0.19489,0.96129,11.592,11.098,-1.8071,0.098981,0.097775,-0.0058513,0.99026,0.7108,0.70214,-0.042019,16.009,-8.8333,140.91,-616.47,7.5547e-05,0.19722,-0.62513,-0.051276,0.20631,-0.68933,-0.011052,0.2056,-0.69757,0.063583,0.19428,-0.65992
5311,0.98287,0.024988,0.18261,0.014275,0.97747,-0.21058,-0.18376,0.20958,0.96037,12.368,10.522,-1.4563,0.1061,0.092516,-0.0027052,0.99004,0.75356,0.6571,-0.019214,16.188,-6.2141,141.65,-613.92,0.0028447,0.19781,-0.62331,-0.049124,0.20638,-0.68725,-0.0089354,0.20541,-0.69582,0.065924,0.19368,-0.65877
5326,0.98225,0.023082,0.18615,0.011741,0.98289,-0.18383,-0.18721,0.18275,0.96517,10.784,10.728,-1.3462,0.092454,0.094163,-0.0028604,0.99125,0.70044,0.71339,-0.021671,15.17,-9.3509,138.0,-595.85,-0.00051219,0.19444,-0.60365,-0.052278,0.20455,-0.66744,-0.012106,0.20398,-0.67582,0.062695,0.19143,-0.63906
5332,0.98168,0.026109,0.18873,0.0056694,0.98612,-0.16591,-0.19044,0.16394,0.96791,9.7266,10.879,-1.5235,0.083134,0.095563,-0.0051514,0.99193,0.6558,0.75384,-0.040636,14.566,-11.284,135.82,-588.01,-0.0022468,0.19233,-0.59502,-0.053993,0.2035,-0.65872,-0.013701,0.20291,-0.66713,0.06113,0.19076,-0.63018
5340,0.98279,0.020645,0.18355,0.0070057,0.98885,-0.14874,-0.18457,0.14747,0.97169,8.7028,10.576,-1.2034,0.074581,0.092688,-0.0034343,0.99289,0.62664,0.77877,-0.028855,13.671,-11.15,132.86,-579.31,-0.0019255,0.18945,-0.58544,-0.054028,0.20189,-0.64867,-0.013777,0.20127,-0.65728,0.061217,0.18842,-0.62096
6773,0.9851,0.02183,0.17057,0.012759,0.9799,-0.1991,-0.17149,0.19831,0.96502,11.657,9.8211,-1.2695,0.10023,0.086273,-0.0022879,0.99121,0.7578,0.65226,-0.017298,15.201,-4.0943,132.72,-588.2,0.0054583,0.18885,-0.5973,-0.047279,0.19847,-0.66044,-0.0072101,0.19711,-0.66951,0.068112,0.18546,-0.63338
7076,0.98595,0.010431,0.16674,0.021113,0.98227,-0.18629,-0.16573,0.18719,0.96824,10.891,9.5985,-0.60617,0.094121,0.083787,0.0026918,0.99203,0.74675,0.66476,0.021357,14.482,-2.3247,131.35,-585.72,0.0077943,0.18748,-0.59417,-0.045154,0.19846,-0.65696,-0.005042,0.19677,-0.66627,0.07026,0.18405,-0.63062
7091,0.98885,0.0037705,0.14885,0.024561,0.98185,-0.18804,-0.14686,0.1896,0.97082,10.962,8.5602,-0.21847,0.095108,0.074473,0.0052362,0.99266,0.7866,0.61594,0.043306,13.889,-0.12357,131.47,-585.88,0.0099201,0.1876,-0.59443,-0.044107,0.19873,-0.65632,-0.004161,0.19701,-0.66627,0.071682,0.18345,-0.63195
7094,0.99139,0.0034117,0.13089,0.020769,0.98291,-0.18292,-0.12928,0.18407,0.97437,10.633,7.5212,-0.19717,0.092343,0.065464,0.0043674,0.99356,0.81519,0.57791,0.038555,13.009,1.4692,131.06,-585.82,0.011212,0.18727,-0.59416,-0.043889,0.19867,-0.65497,-0.0041816,0.19712,-0.6656,0.072267,0.18329,-0.63295
7096,0.99416,-0.0037895,0.10781,0.023901,0.98228,-0.18587,-0.1052,0.18736,0.97664,10.775,6.1893,0.2184,0.093858,0.053568,0.0069635,0.99412,0.8667,0.49466,0.064303,12.434,2.2229,131.26,-584.88,0.012474,0.1873,-0.59376,-0.043986,0.1991,-0.65331,-0.0044874,0.19699,-0.66493,0.072623,0.18297,-0.6339
7098,0.99627,-0.003811,0.086175,0.019529,0.98305,-0.1823,-0.084019,0.1833,0.97946,10.543,4.9436,0.21917,0.091874,0.042769,0.0058652,0.99483,0.90507,0.42133,0.057779,11.652,3.3632,131.11,-584.37,0.013667,0.18712,-0.59341,-0.044044,0.19926,-0.65158,-0.004785,0.19698,-0.66419,0.072967,0.18318,-0.63478
7100,0.9979,-0.0031064,0.064649,0.01453,0.9841,-0.177,-0.063071,0.17757,0.98208,10.217,3.7067,0.17836,0.089044,0.032074,0.0044292,0.9955,0.9398,0.33852,0.046747,10.874,5.0747,130.85,-584.25,0.015099,0.18692,-0.59316,-0.04389,0.19932,-0.65007,-0.0049196,0.19718,-0.66345,0.073454,0.18328,-0.63585
7102,0.99895,-0.0055491,0.045396,0.013474,0.98427,-0.17618,-0.043704,0.17661,0.98331,10.158,2.6019,0.31827,0.088568,0.022369,0.0047757,0.99581,0.96823,0.24454,0.052208,10.497,6.546,130.65,-583.98,0.016472,0.18673,-0.59299,-0.043565,0.19931,-0.64873,-0.0048767,0.19714,-0.66283,0.073959,0.18295,-0.63677
7104,0.99963,-0.010875,0.02506,0.015148,0.98406,-0.17721,-0.022733,0.17752,0.98385,10.21,1.436,0.62329,0.089043,0.011997,0.0065322,0.99593,0.98844,0.13317,0.072512,10.337,7.8946,130.64,-583.63,0.017919,0.18666,-0.59287,-0.04316,0.19951,-0.64738,-0.0048121,0.19715,-0.66232,0.074488,0.18254,-0.63787
7106,0.99979,-0.020576,0.0024773,0.020686,0.98336,-0.1805,0.0012779,0.18051,0.98357,10.399,0.14194,1.179,0.090629,0.00030113,0.010359,0.99583,0.99353,0.0033011,0.11356,10.468,9.1954,130.67,-583.28,0.019476,0.18659,-0.59286,-0.042734,0.19985,-0.64604,-0.0047054,0.19713,-0.66184,0.074976,0.18174,-0.63932
7108,0.99966,-0.019793,-0.016791,0.01662,0.98502,-0.17166,0.019937,0.17133,0.98501,9.8859,-0.96211,1.1343,0.086074,-0.0092171,0.0091379,0.9962,0.98882,-0.10589,0.10498,9.9875,10.954,130.21,-583.71,0.021006,0.18623,-0.59295,-0.042196,0.19993,-0.64479,-0.0044767,0.1974,-0.66133,0.07558,0.18184,-0.64028
7110,0.99854,-0.026324,-0.047112,0.017961,0.9853,-0.16987,0.050891,0.16878,0.98434,9.7914,-2.7003,1.5101,0.085002,-0.024599,0.011116,0.99602,0.95309,-0.27582,0.12464,10.233,13.434,130.14,-583.83,0.023581,0.18611,-0.59326,-0.04109,0.20036,-0.64313,-0.0038574,0.1976,-0.66077,0.07672,0.18147,-0.64221
7112,0.99724,-0.03138,-0.067242,0.019217,0.98448,-0.17443,0.071672,0.17266,0.98237,10.068,-3.8556,1.8023,0.087163,-0.034885,0.012706,0.9955,0.92002,-0.36822,0.13412,10.873,15.508,130.15,-584.13,0.025394,0.18614,-0.59371,-0.040177,0.20031,-0.64232,-0.0033529,0.19762,-0.66064,0.077481,0.18076,-0.64391
7114,0.99558,-0.036294,-0.086593,0.020279,0.98362,-0.17912,0.091675,0.17657,0.98001,10.358,-4.9676,2.0878,0.089379,-0.044796,0.014216,0.99489,0.8851,-0.4436,0.14078,11.591,17.168,130.17,-584.1,0.027234,0.18603,-0.59423,-0.039295,0.20037,-0.64164,-0.0027649,0.19731,-0.66071,0.078269,0.1803,-0.64535
7116,0.99312,-0.042008,-0.10932,0.021675,0.98326,-0.18094,0.11509,0.17732,0.9774,10.488,-6.2759,2.4221,0.090087,-0.056427,0.016014,0.99421,0.83802,-0.52491,0.14897,12.342,19.879,130.13,-584.65,0.029802,0.186,-0.59487,-0.037688,0.20053,-0.64079,-0.0016855,0.19748,-0.66064,0.079609,0.17972,-0.64734
7119,0.99008,-0.049668,-0.13146,0.025005,0.9828,-0.18299,0.13829,0.17789,0.97428,10.637,-7.5542,2.8719,0.090822,-0.067889,0.018793,0.99337,0.79018,-0.59066,0.1635,13.2,22.127,130.13,-584.98,0.032257,0.1859,-0.59554,-0.036156,0.20089,-0.63996,-0.0005984,0.19751,-0.66063,0.080857,0.17918,-0.64906
7121,0.98651,-0.054892,-0.15421,0.025612,0.98225,-0.1858,0.16167,0.17935,0.97041,10.839,-8.8707,3.1848,0.09199,-0.079576,0.020281,0.99237,0.746,-0.64532,0.16447,14.167,24.605,130.02,-585.63,0.034666,0.18575,-0.59645,-0.034665,0.20092,-0.63928,0.00040787,0.19742,-0.66077,0.081989,0.17857,-0.65101
7124,0.98262,-0.059707,-0.17577,0.025977,0.98177,-0.18827,0.18381,0.18043,0.96626,11.026,-10.124,3.4772,0.092986,-0.090686,0.021609,0.99129,0.7062,-0.68873,0.16411,15.132,27.409,129.88,-586.81,0.03706,0.18571,-0.59749,-0.03309,0.20086,-0.63886,0.001381,0.19764,-0.66101,0.082961,0.17783,-0.6533
7126,0.97707,-0.071859,-0.20044,0.03183,0.98005,-0.19619,0.21054,0.18532,0.95986,11.552,-11.563,4.2063,0.096383,-0.10383,0.026196,0.98957,0.669,-0.72068,0.18183,16.567,29.316,129.9,-587.3,0.03941,0.18549,-0.59878,-0.031679,0.2012,-0.63843,0.002309,0.19728,-0.66154,0.084023,0.17678,-0.6558
7129,0.97209,-0.074474,-0.22248,0.030135,0.98006,-0.1964,0.23267,0.18422,0.95495,11.622,-12.855,4.381,0.09628,-0.11513,0.026461,0.98832,0.63176,-0.75546,0.17363,17.532,32.095,129.61,-588.97,0.041664,0.18536,-0.60014,-0.030231,0.20102,-0.63824,0.0031478,0.19752,-0.6619,0.084763,0.17614,-0.65826
7130,0.96785,-0.079723,-0.23855,0.033156,0.9806,-0.19319,0.24932,0.17907,0.95172,11.475,-13.801,4.7089,0.094251,-0.12352,0.028579,0.98744,0.59661,-0.78187,0.1809,18.179,33.238,129.29,-589.96,0.043019,0.18501,-0.60113,-0.029368,0.20129,-0.63797,0.0036204,0.19761,-0.66216,0.085224,0.17576,-0.65977
7133,0.96231,-0.083972,-0.25866,0.03086,0.97871,-0.20292,0.27019,0.18729,0.94441,12.126,-14.991,4.987,0.098979,-0.13415,0.029128,0.98558,0.58486,-0.79267,0.17211,19.487,35.431,129.54,-590.62,0.044952,0.18518,-0.60236,-0.028143,0.20118,-0.63776,0.0042578,0.19737,-0.66267,0.085772,0.17519,-0.66201
7135,0.95608,-0.091152,-0.27856,0.032423,0.97747,-0.20857,0.29129,0.19038,0.9375,12.543,-16.174,5.446,0.10138,-0.14482,0.031404,0.98375,0.56467,-0.80657,0.17491,20.687,37.177,129.42,-591.46,0.046686,0.18499,-0.60356,-0.027055,0.2012,-0.63748,0.0047909,0.19719,-0.66308,0.086268,0.17432,-0.66421
7138,0.94937,-0.097906,-0.29851,0.035815,0.97773,-0.20677,0.31211,0.18561,0.93174,12.512,-17.368,5.888,0.099873,-0.15542,0.034036,0.9822,0.53165,-0.82736,0.18118,21.655,38.35,129.11,-592.42,0.04816,0.18457,-0.60474,-0.026138,0.20154,-0.63707,0.0051661,0.19718,-0.66334,0.086497,0.17386,-0.6661
7140,0.94386,-0.098953,-0.31517,0.031684,0.9768,-0.2118,0.32882,0.18992,0.9251,12.895,-18.371,5.985,0.10242,-0.16419,0.033308,0.98053,0.5216,-0.83616,0.16962,22.649,40.118,129.28,-593.23,0.049433,0.18482,-0.60561,-0.025418,0.20143,-0.6367,0.0053593,0.1973,-0.66347,0.086525,0.17357,-0.66776
7143,0.93728,-0.10318,-0.33297,0.033039,0.97718,-0.20982,0.34702,0.18566,0.9193,12.857,-19.449,6.2824,0.10099,-0.17364,0.034786,0.979,0.49538,-0.85175,0.17063,23.526,41.185,128.86,-594.23,0.050568,0.18438,-0.60664,-0.024793,0.20148,-0.6363,0.0054937,0.19725,-0.66361,0.086544,0.17306,-0.66947
7145,0.93085,-0.1074,-0.34926,0.031951,0.97609,-0.21501,0.364,0.18898,0.91202,13.265,-20.442,6.5819,0.10337,-0.18249,0.035655,0.97711,0.48587,-0.85781,0.1676,24.566,42.278,129.07,-594.52,0.051666,0.18446,-0.60748,-0.024158,0.20169,-0.63584,0.0056159,0.19715,-0.66374,0.086465,0.17285,-0.67099
7148,0.92396,-0.10905,-0.36661,0.030906,0.97665,-0.21262,0.38123,0.18512,0.90576,13.21,-21.507,6.7311,0.10193,-0.19166,0.035868,0.9755,0.46328,-0.87109,0.16302,25.42,43.357,128.76,-595.46,0.05268,0.18416,-0.60844,-0.023592,0.20171,-0.63535,0.0056461,0.19715,-0.66378,0.086294,0.17266,-0.67244
7150,0.91712,-0.11122,-0.38278,0.029005,0.97636,-0.2142,0.39755,0.18535,0.89866,13.407,-22.506,6.9147,0.10259,-0.20036,0.036005,0.97367,0.45003,-0.87893,0.15795,26.354,44.561,128.48,-596.33,0.053614,0.18394,-0.60928,-0.023119,0.20149,-0.63489,0.0056216,0.19706,-0.66377,0.08605,0.17209,-0.67394
7153,0.90973,-0.10916,-0.40059,0.024112,0.97708,-0.2115,0.41449,0.18275,0.89151,13.346,-23.615,6.8423,0.10141,-0.20966,0.034282,0.9719,0.43079,-0.89063,0.14562,27.232,45.928,128.33,-596.91,0.054737,0.1838,-0.60994,-0.022462,0.2014,-0.63403,0.0056759,0.19703,-0.66344,0.085793,0.17231,-0.67515
7155,0.90136,-0.11101,-0.4186,0.022232,0.97717,-0.21128,0.4325,0.18113,0.88325,13.453,-24.746,7.0214,0.10116,-0.21941,0.03435,0.96977,0.41453,-0.89908,0.14076,28.25,47.02,128.14,-597.03,0.055722,0.18359,-0.61023,-0.021881,0.2014,-0.63275,0.0056594,0.19695,-0.66277,0.085525,0.17209,-0.67601
7158,0.89227,-0.11163,-0.43749,0.017676,0.97685,-0.2132,0.45116,0.1825,0.87358,13.715,-25.944,7.1311,0.10227,-0.22967,0.033419,0.9673,0.40323,-0.90556,0.13176,29.384,47.938,128.11,-597.02,0.056377,0.18352,-0.61054,-0.021679,0.20132,-0.63141,0.0052262,0.19677,-0.66206,0.084841,0.17194,-0.67713
7161,0.88283,-0.10916,-0.45683,0.012709,0.97781,-0.20908,0.46951,0.17878,0.86463,13.594,-27.183,7.0485,0.10048,-0.23997,0.03157,0.96505,0.38341,-0.91569,0.12047,30.386,48.782,127.75,-597.39,0.056959,0.18319,-0.61094,-0.021557,0.2011,-0.63008,0.0046948,0.19662,-0.66129,0.084006,0.17202,-0.67795
7163,0.87199,-0.10573,-0.47796,0.0060165,0.97864,-0.2055,0.48948,0.17632,0.854,13.53,-28.553,6.9134,0.099189,-0.25132,0.029029,0.96237,0.36502,-0.92485,0.10683,31.536,50.184,127.59,-597.54,0.057876,0.18314,-0.61092,-0.021077,0.20091,-0.62814,0.0044188,0.19672,-0.65994,0.08325,0.17219,-0.67868
7165,0.86445,-0.10235,-0.49219,0.0035846,0.98029,-0.19755,0.50271,0.169,0.84778,13.117,-29.485,6.7521,0.095377,-0.25887,0.027563,0.9608,0.344,-0.93369,0.099414,32.193,51.219,127.02,-598.04,0.0587,0.18271,-0.61097,-0.020502,0.20062,-0.62685,0.0044777,0.19677,-0.65902,0.082989,0.17223,-0.67913
7168,0.84719,-0.10657,-0.52049,-0.00095798,0.97937,-0.20208,0.53129,0.1717,0.82961,13.69,-31.365,7.1694,0.097738,-0.27503,0.027616,0.95606,0.33337,-0.93808,0.094192,34.097,53.159,126.95,-597.67,0.060394,0.1825,-0.61131,-0.019242,0.20061,-0.62455,0.0046605,0.19638,-0.65766,0.082502,0.17176,-0.68035
7171,0.83548,-0.10419,-0.53955,-0.0030061,0.98098,-0.19409,0.54951,0.16378,0.81928,13.328,-32.653,7.1087,0.093845,-0.28558,0.026534,0.95338,0.31098,-0.94634,0.087927,35.128,54.69,126.14,-598.49,0.061724,0.18182,-0.61173,-0.018163,0.20017,-0.62311,0.0050254,0.19624,-0.65673,0.082308,0.17152,-0.68117
7173,0.82454,-0.10677,-0.55564,-0.0022212,0.98142,-0.19188,0.5658,0.15945,0.80898,13.343,-33.755,7.3782,0.092392,-0.29492,0.027494,0.95065,0.29778,-0.95051,0.088613,36.151,56.144,125.83,-598.34,0.063233,0.18146,-0.61174,-0.016796,0.20027,-0.62155,0.0057439,0.19618,-0.65563,0.082456,0.17134,-0.6816
7177,0.81455,-0.10457,-0.57059,-0.0036914,0.98267,-0.18535,0.58008,0.15308,0.80005,13.044,-34.791,7.3151,0.08922,-0.30334,0.026593,0.94832,0.28118,-0.95599,0.083807,37.0,58.014,125.03,-599.18,0.06484,0.18085,-0.61192,-0.015262,0.19967,-0.62024,0.006638,0.19611,-0.65465,0.082687,0.17088,-0.68227
7179,0.80508,-0.11101,-0.58268,-0.000954,0.98209,-0.18841,0.59316,0.15225,0.79056,13.405,-35.639,7.8504,0.09005,-0.31082,0.029091,0.94574,0.27715,-0.95664,0.089536,37.92,58.875,124.88,-599.17,0.065926,0.18052,-0.61253,-0.014232,0.19994,-0.61966,0.0071081,0.19587,-0.65449,0.082755,0.17045,-0.68309
7182,0.7941,-0.10815,-0.59808,-0.0075414,0.98221,-0.18763,0.60774,0.1535,0.77916,13.539,-36.733,7.7555,0.090457,-0.31974,0.026678,0.9428,0.27135,-0.95915,0.080028,38.946,60.297,124.74,-600.36,0.066901,0.18044,-0.61374,-0.013373,0.19956,-0.61933,0.0072493,0.19567,-0.65452,0.082277,0.17044,-0.68467
7186,0.78105,-0.10865,-0.61494,-0.010843,0.98224,-0.18732,0.62437,0.15298,0.766,13.742,-37.947,7.9197,0.090571,-0.32984,0.026032,0.93932,0.26402,-0.96153,0.075887,40.124,61.41,124.63,-601.56,0.067753,0.18034,-0.61502,-0.012635,0.19951,-0.61888,0.0072562,0.19563,-0.65453,0.08163,0.17031,-0.68611
7190,0.7701,-0.11045,-0.62829,-0.012586,0.98207,-0.18808,0.6378,0.15274,0.7549,13.99,-38.924,8.1622,0.090996,-0.33804,0.02613,0.93636,0.25922,-0.96295,0.074435,41.102,62.236,124.54,-602.32,0.068472,0.18017,-0.61612,-0.011963,0.19954,-0.6186,0.0072979,0.19546,-0.65462,0.081096,0.17018,-0.6875
7193,0.75801,-0.11131,-0.64268,-0.014593,0.98219,-0.18733,0.65208,0.15137,0.74288,14.153,-39.992,8.354,0.09074,-0.34688,0.025912,0.93315,0.25242,-0.96493,0.07208,42.137,63.21,124.28,-603.79,0.069267,0.17992,-0.61765,-0.011165,0.1994,-0.61861,0.0074239,0.19533,-0.65495,0.080543,0.16992,-0.68912
7196,0.74766,-0.11301,-0.6544,-0.019186,0.98133,-0.19139,0.66381,0.15565,0.73153,14.662,-40.874,8.5953,0.093277,-0.35431,0.025218,0.93012,0.25399,-0.96477,0.068669,43.092,64.34,124.35,-605.03,0.070067,0.17995,-0.61917,-0.01036,0.19927,-0.6189,0.0076337,0.19512,-0.65554,0.080166,0.16961,-0.69086
7200,0.73451,-0.1195,-0.66799,-0.018819,0.98041,-0.19609,0.67833,0.1566,0.71787,15.278,-41.912,9.241,0.095179,-0.36332,0.027171,0.92639,0.25276,-0.96484,0.072156,44.242,65.259,124.36,-606.14,0.070997,0.17978,-0.62098,-0.0093738,0.19958,-0.61925,0.0079203,0.19492,-0.65627,0.079766,0.16921,-0.69295
7207,0.72253,-0.11905,-0.68101,-0.023404,0.98029,-0.1962,0.69094,0.1577,0.7055,15.541,-42.923,9.3565,0.095846,-0.37157,0.025904,0.92308,0.24921,-0.96611,0.067352,45.239,66.506,124.07,-607.53,0.071883,0.17955,-0.62228,-0.0084082,0.19916,-0.61914,0.0082277,0.19467,-0.65638,0.079329,0.16884,-0.69421
7215,0.7102,-0.12189,-0.69337,-0.020987,0.98079,-0.19391,0.70369,0.15227,0.694,15.611,-43.897,9.7388,0.09408,-0.37967,0.027422,0.91992,0.23993,-0.96827,0.069934,46.172,68.653,123.47,-608.71,0.074107,0.17894,-0.62346,-0.0060258,0.19902,-0.61894,0.0099133,0.19451,-0.65646,0.080181,0.16835,-0.69563
7219,0.69803,-0.12505,-0.70507,-0.0192,0.98101,-0.193,0.71581,0.14825,0.68237,15.792,-44.835,10.156,0.093064,-0.3875,0.028866,0.91671,0.23292,-0.96981,0.072245,47.101,70.101,123.06,-609.46,0.075611,0.17847,-0.62442,-0.0043726,0.19903,-0.61854,0.010949,0.19433,-0.65638,0.080563,0.16799,-0.69654
7225,0.68757,-0.12964,-0.71445,-0.018897,0.98041,-0.19608,0.72587,0.14832,0.67165,16.275,-45.598,10.677,0.09423,-0.39408,0.030299,0.91373,0.23191,-0.96987,0.074569,47.947,72.149,122.77,-610.34,0.077615,0.17811,-0.62558,-0.0021846,0.19894,-0.61862,0.012612,0.19404,-0.65669,0.08153,0.16736,-0.69783
7234,0.67239,-0.12982,-0.72873,-0.019909,0.98097,-0.19313,0.73993,0.14436,0.65701,16.381,-46.78,10.928,0.092746,-0.4036,0.030205,0.90972,0.22337,-0.97202,0.072745,49.067,74.225,122.41,-612.52,0.079535,0.17784,-0.62751,-3.9823e-05,0.19879,-0.61891,0.013909,0.19414,-0.65715,0.08189,0.16714,-0.69965
7240,0.65857,-0.12974,-0.74125,-0.024337,0.98084,-0.1933,0.75213,0.14534,0.64279,16.737,-47.838,11.145,0.093459,-0.41215,0.02909,0.90584,0.22062,-0.97294,0.068671,50.126,76.021,122.01,-613.14,0.080997,0.17744,-0.62822,0.0016133,0.19831,-0.61812,0.014848,0.19368,-0.65664,0.081896,0.16669,-0.70051
7248,0.6453,-0.13051,-0.7527,-0.022632,0.9816,-0.1896,0.76359,0.13938,0.63047,16.737,-48.825,11.434,0.09114,-0.42007,0.029886,0.90241,0.21152,-0.97491,0.06936,51.047,77.898,121.45,-613.61,0.082915,0.17683,-0.62884,0.003786,0.19818,-0.61734,0.016279,0.19344,-0.6561,0.082491,0.16651,-0.70113
7255,0.63457,-0.13584,-0.76083,-0.02121,0.981,-0.19284,0.77257,0.13851,0.61964,17.287,-49.537,12.083,0.09211,-0.42626,0.031865,0.89933,0.21065,-0.97484,0.072875,51.858,79.637,121.05,-613.85,0.084676,0.17628,-0.62962,0.0057944,0.19811,-0.61707,0.017789,0.19295,-0.65611,0.083303,0.16588,-0.70187
7264,0.6212,-0.13811,-0.77138,-0.018274,0.98153,-0.19045,0.78344,0.1324,0.6072,17.414,-50.478,12.534,0.090101,-0.43391,0.033443,0.89581,0.20273,-0.97634,0.075249,52.773,81.802,120.53,-615.04,0.086925,0.17579,-0.63068,0.008394,0.19804,-0.61681,0.019749,0.19295,-0.65602,0.084381,0.16549,-0.7028
7274,0.61074,-0.14185,-0.77902,-0.020862,0.9806,-0.19491,0.79156,0.13529,0.59593,18.111,-51.171,13.075,0.092477,-0.43987,0.033884,0.89265,0.20516,-0.97584,0.075171,53.585,82.623,120.38,-616.62,0.087532,0.17556,-0.63259,0.0092218,0.19787,-0.61777,0.020036,0.1926,-0.6571,0.083914,0.16491,-0.70475
7284,0.60129,-0.1471,-0.78537,-0.018687,0.98005,-0.19787,0.79881,0.13365,0.58655,18.641,-51.755,13.746,0.09313,-0.44503,0.036073,0.88993,0.20419,-0.97573,0.07909,54.271,83.228,120.34,-617.25,0.088195,0.17535,-0.63378,0.010174,0.1982,-0.61811,0.020499,0.19249,-0.65767,0.083869,0.16469,-0.70581
7302,0.59039,-0.15137,-0.7928,-0.017187,0.97967,-0.19985,0.80693,0.13162,0.57579,19.142,-52.448,14.381,0.093443,-0.45097,0.037828,0.88683,0.20221,-0.97591,0.08186,55.045,85.387,120.05,-619.09,0.090371,0.17505,-0.63566,0.012691,0.19819,-0.61904,0.022482,0.19247,-0.65869,0.085022,0.16416,-0.70759
7322,0.57955,-0.15743,-0.79958,-0.0097068,0.97976,-0.19994,0.81488,0.12364,0.5663,19.446,-53.09,15.197,0.091513,-0.45659,0.041778,0.88397,0.19573,-0.97658,0.089357,55.75,86.904,119.53,-621.1,0.092254,0.1745,-0.63767,0.01489,0.19842,-0.62017,0.02418,0.19265,-0.65986,0.085972,0.16357,-0.70959
7427,0.62166,-0.14968,-0.76885,-0.0069119,0.98049,-0.19647,0.78325,0.12745,0.6085,17.894,-50.251,13.537,0.090387,-0.43311,0.039838,0.89591,0.20347,-0.97497,0.089679,52.748,84.6,119.98,-617.4,0.090376,0.17505,-0.63347,0.012114,0.19828,-0.61995,0.023456,0.19276,-0.65911,0.087921,0.16441,-0.70555
7431,0.63772,-0.14753,-0.75601,-0.0076314,0.98023,-0.19772,0.77023,0.13186,0.62398,17.582,-49.114,13.026,0.091523,-0.42383,0.038849,0.90027,0.21024,-0.97357,0.089239,51.613,83.159,120.43,-615.85,0.088994,0.17549,-0.63194,0.010376,0.19839,-0.61999,0.022532,0.19281,-0.65898,0.087986,0.16479,-0.70425
7433,0.64742,-0.14238,-0.74871,-0.0081112,0.98105,-0.19358,0.76209,0.1314,0.634,16.979,-48.479,12.403,0.08996,-0.41822,0.037168,0.90312,0.2095,-0.97397,0.086559,50.858,82.458,120.44,-615.62,0.088315,0.17568,-0.63106,0.0094589,0.19817,-0.62003,0.022145,0.19306,-0.65877,0.088189,0.1651,-0.70319
7448,0.71983,-0.13254,-0.68138,-0.0036218,0.98087,-0.19462,0.69414,0.14256,0.70558,15.421,-42.952,10.433,0.091347,-0.37265,0.034925,0.92281,0.2371,-0.96725,0.090653,45.321,76.976,121.82,-609.24,0.083504,0.17714,-0.62413,0.0036223,0.19846,-0.62092,0.020096,0.19353,-0.65825,0.090617,0.16659,-0.69607
7453,0.74696,-0.12914,-0.65221,-0.00056004,0.98083,-0.19484,0.66487,0.14591,0.73257,14.894,-40.709,9.8085,0.091589,-0.35402,0.03456,0.9301,0.24936,-0.96383,0.094091,43.099,74.555,122.24,-607.28,0.081349,0.17768,-0.62159,0.0012877,0.19848,-0.62162,0.019229,0.19389,-0.65813,0.09136,0.16692,-0.69321
7455,0.75964,-0.12734,-0.63775,0.002058,0.98111,-0.19345,0.65034,0.14564,0.74556,14.546,-39.624,9.5162,0.090803,-0.34493,0.034651,0.93358,0.25338,-0.96252,0.096694,41.999,73.404,122.43,-606.12,0.080448,0.17785,-0.62039,0.0003599,0.19863,-0.62195,0.019018,0.19398,-0.65809,0.091964,0.16731,-0.6916
7457,0.77513,-0.12398,-0.61952,0.0012292,0.98085,-0.19475,0.6318,0.15019,0.76044,14.364,-38.281,9.087,0.091973,-0.33365,0.033384,0.93761,0.26452,-0.95959,0.096014,40.693,72.34,122.65,-604.75,0.079377,0.17813,-0.61879,-0.00072267,0.1984,-0.62227,0.018776,0.19393,-0.65793,0.092429,0.16751,-0.6898
7459,0.78687,-0.12385,-0.60456,0.0050861,0.98092,-0.19433,0.6171,0.14984,0.77249,14.121,-37.197,8.9449,0.09146,-0.32464,0.034264,0.94078,0.26978,-0.9576,0.10107,39.634,70.861,122.85,-603.07,0.078257,0.17824,-0.61726,-0.0017936,0.19866,-0.62225,0.018428,0.19394,-0.65759,0.092857,0.16782,-0.68797
7462,0.80951,-0.12125,-0.57445,0.0060131,0.9801,-0.1984,0.58707,0.15715,0.79413,14.027,-35.061,8.5186,0.093909,-0.30678,0.033613,0.94654,0.29111,-0.951,0.1042,37.639,69.046,123.26,-601.1,0.076491,0.17875,-0.61489,-0.0034114,0.19846,-0.62292,0.018183,0.194,-0.65745,0.093761,0.16785,-0.68511
7464,0.82362,-0.12224,-0.55381,0.010087,0.9795,-0.2012,0.56705,0.16012,0.80797,13.983,-33.629,8.4421,0.095071,-0.29492,0.034818,0.95014,0.3049,-0.94582,0.11166,36.337,67.446,123.57,-599.28,0.075283,0.17894,-0.61336,-0.0044381,0.19869,-0.6234,0.018026,0.19389,-0.65746,0.094332,0.16805,-0.68317
7470,0.85509,-0.11422,-0.50575,0.015945,0.98076,-0.19455,0.51824,0.15829,0.84046,13.033,-30.381,7.6087,0.092013,-0.26703,0.033945,0.95869,0.32345,-0.93869,0.11933,33.054,63.436,123.67,-595.87,0.071714,0.17918,-0.60905,-0.0074518,0.19852,-0.62362,0.017001,0.19413,-0.65629,0.094805,0.16878,-0.67762
7476,0.87689,-0.11301,-0.46722,0.02373,0.98096,-0.19275,0.48011,0.15793,0.86288,12.592,-27.854,7.3438,0.090899,-0.24556,0.035446,0.96446,0.34402,-0.92933,0.13415,30.642,60.346,123.72,-593.24,0.069123,0.17928,-0.60592,-0.009354,0.19854,-0.62401,0.01652,0.19426,-0.65553,0.095269,0.1689,-0.67335
7479,0.88717,-0.10908,-0.44837,0.0217,0.98045,-0.19559,0.46094,0.16379,0.87219,12.64,-26.639,7.0096,0.092919,-0.2351,0.033814,0.96693,0.36432,-0.92179,0.13258,29.553,59.085,124.02,-592.19,0.067737,0.17962,-0.60477,-0.010426,0.19828,-0.62457,0.016119,0.19414,-0.65548,0.095297,0.16913,-0.67155
7482,0.89611,-0.11184,-0.42951,0.027405,0.97983,-0.19796,0.44299,0.16562,0.8811,12.663,-25.437,7.1141,0.093789,-0.22507,0.035919,0.96915,0.38054,-0.91321,0.14574,28.536,57.341,124.18,-590.97,0.066416,0.17969,-0.60368,-0.011296,0.19848,-0.62513,0.015881,0.19409,-0.65553,0.095473,0.16902,-0.66993
7512,0.95835,-0.10258,-0.26655,0.043585,0.97487,-0.21846,0.28226,0.19774,0.93874,13.1,-15.459,6.1095,0.10576,-0.13945,0.03714,0.98386,0.59109,-0.77944,0.20758,20.613,44.905,126.89,-588.26,0.055048,0.18224,-0.60083,-0.018123,0.19873,-0.63578,0.013927,0.19418,-0.66089,0.095125,0.17059,-0.6607
7516,0.96366,-0.10053,-0.24751,0.045784,0.97494,-0.21773,0.26319,0.19848,0.9441,12.986,-14.33,5.9556,0.10561,-0.12959,0.037127,0.98523,0.61672,-0.75674,0.2168,19.721,43.393,127.18,-588.06,0.053818,0.18248,-0.60063,-0.018666,0.19891,-0.63702,0.013854,0.19424,-0.66152,0.095065,0.17109,-0.6596
7520,0.96809,-0.099513,-0.23001,0.047727,0.9742,-0.2206,0.24603,0.20258,0.94785,13.102,-13.298,5.869,0.10728,-0.12068,0.037326,0.98617,0.64733,-0.72818,0.22522,19.079,42.094,127.49,-587.7,0.052663,0.18274,-0.60033,-0.019227,0.19891,-0.63806,0.013795,0.19417,-0.66197,0.095017,0.17124,-0.65847
7523,0.97309,-0.098066,-0.20852,0.050948,0.97409,-0.22035,0.22473,0.2038,0.95287,13.021,-12.036,5.7547,0.10739,-0.10969,0.037728,0.98743,0.67934,-0.69392,0.23867,18.19,40.424,127.69,-587.06,0.051317,0.18289,-0.59967,-0.019795,0.19901,-0.639,0.013799,0.19412,-0.66219,0.094936,0.17157,-0.65677
7526,0.97712,-0.097462,-0.18905,0.053599,0.97298,-0.22457,0.20583,0.2093,0.95594,13.22,-10.898,5.6961,0.10976,-0.099902,0.038217,0.98819,0.71619,-0.65184,0.24936,17.632,39.162,128.11,-586.33,0.05008,0.18332,-0.59888,-0.020232,0.19901,-0.63964,0.013771,0.19422,-0.66218,0.09486,0.17163,-0.65526
7529,0.98044,-0.095592,-0.17204,0.056801,0.97436,-0.21768,0.18844,0.20365,0.96074,12.767,-9.9066,5.5687,0.10646,-0.091088,0.038507,0.98939,0.73268,-0.62686,0.265,16.71,37.358,128.06,-586.04,0.048695,0.18324,-0.59832,-0.020911,0.19928,-0.64025,0.013512,0.19437,-0.66219,0.094521,0.17216,-0.65372
7532,0.98352,-0.092039,-0.15564,0.055962,0.97344,-0.22202,0.17194,0.20965,0.96254,12.988,-8.9539,5.3463,0.10902,-0.082732,0.037379,0.98989,0.76845,-0.58316,0.26347,16.312,35.832,128.58,-585.32,0.047071,0.18377,-0.59766,-0.02193,0.19924,-0.64079,0.012891,0.19443,-0.6622,0.09388,0.17255,-0.6524
7535,0.98693,-0.087543,-0.13527,0.056095,0.97369,-0.22087,0.15105,0.2104,0.96588,12.881,-7.7742,5.069,0.10882,-0.072246,0.036244,0.99077,0.80278,-0.53296,0.26737,15.581,33.552,128.76,-584.8,0.044827,0.18398,-0.59695,-0.023293,0.19915,-0.64147,0.011947,0.19446,-0.66213,0.092723,0.17303,-0.65065
7539,0.99069,-0.081974,-0.10866,0.056076,0.97322,-0.22293,0.12403,0.21477,0.96876,12.959,-6.2383,4.7301,0.11036,-0.058669,0.034807,0.99155,0.85061,-0.45221,0.26828,14.909,30.735,129.32,-583.99,0.042014,0.18456,-0.59606,-0.025028,0.19917,-0.64244,0.010812,0.1946,-0.6622,0.091453,0.17371,-0.64852
7542,0.99278,-0.076806,-0.092183,0.055353,0.97481,-0.21607,0.10646,0.20941,0.97202,12.533,-5.2892,4.4239,0.10718,-0.050039,0.033292,0.99242,0.87223,-0.40721,0.27093,14.117,28.658,129.29,-583.74,0.040147,0.18455,-0.59551,-0.026164,0.19928,-0.64297,0.010019,0.19473,-0.6621,0.09046,0.1745,-0.64699
7544,0.99449,-0.073309,-0.074981,0.055791,0.97533,-0.21361,0.08879,0.20825,0.97404,12.369,-4.3001,4.216,0.10621,-0.041233,0.032504,0.99296,0.89645,-0.34802,0.27434,13.609,26.433,129.38,-583.35,0.038135,0.18462,-0.59502,-0.027401,0.19931,-0.64356,0.0091941,0.1947,-0.66212,0.089445,0.17498,-0.64549
7547,0.99623,-0.067017,-0.055023,0.053914,0.97572,-0.21227,0.067912,0.2085,0.97566,12.274,-3.1542,3.8485,0.10589,-0.030937,0.030433,0.99343,0.9253,-0.27035,0.26594,13.142,24.614,129.56,-583.11,0.036021,0.18494,-0.59438,-0.02857,0.19913,-0.64422,0.0083337,0.19494,-0.66202,0.088355,0.17549,-0.6439
7549,0.99728,-0.064042,-0.036367,0.055002,0.97604,-0.21052,0.048977,0.20794,0.97691,12.161,-2.0841,3.6743,0.10527,-0.02147,0.029948,0.99376,0.94385,-0.1925,0.26851,12.808,22.107,129.74,-582.54,0.033883,0.18505,-0.59382,-0.029833,0.19926,-0.64485,0.0074573,0.19488,-0.66199,0.08717,0.17607,-0.64217
7552,0.99812,-0.059527,-0.014659,0.055028,0.97533,-0.21378,0.027023,0.21257,0.97677,12.345,-0.83995,3.413,0.10726,-0.010486,0.028819,0.99376,0.96147,-0.093999,0.25833,12.81,20.112,130.19,-581.89,0.031841,0.18551,-0.59314,-0.030854,0.19918,-0.64562,0.0068104,0.19493,-0.66197,0.086213,0.17654,-0.64051
7554,0.99855,-0.053423,0.006485,0.053592,0.97618,-0.21025,0.0049016,0.21029,0.97763,12.137,0.37157,3.0624,0.10577,0.00039823,0.026914,0.99403,0.96911,0.0036488,0.24661,12.531,18.184,130.24,-581.56,0.029961,0.18561,-0.59254,-0.031666,0.1991,-0.64628,0.0063651,0.19498,-0.66187,0.0853,0.17722,-0.6386
7557,0.99846,-0.048687,0.026733,0.053112,0.97774,-0.20301,-0.016254,0.20411,0.97881,11.717,1.5319,2.7917,0.10236,0.010808,0.025594,0.99436,0.96508,0.1019,0.24131,12.177,16.551,130.02,-581.62,0.028293,0.1855,-0.59202,-0.032234,0.19904,-0.64691,0.0060811,0.19519,-0.66166,0.084666,0.17766,-0.63681
7559,0.99793,-0.046176,0.044772,0.054333,0.97775,-0.20262,-0.034419,0.20464,0.97823,11.702,2.5661,2.6493,0.10241,0.019913,0.025273,0.99422,0.95402,0.18551,0.23545,12.324,15.22,130.11,-581.37,0.026882,0.18566,-0.59149,-0.032686,0.19896,-0.64751,0.0058771,0.19531,-0.66155,0.084082,0.17784,-0.63538
7562,0.99703,-0.043419,0.063548,0.055527,0.97754,-0.20328,-0.053295,0.20621,0.97706,11.753,3.6435,2.4936,0.103,0.029389,0.024888,0.99394,0.93666,0.26727,0.22633,12.626,13.477,130.36,-580.97,0.025328,0.18587,-0.59106,-0.033214,0.19898,-0.64821,0.005606,0.19529,-0.66155,0.083354,0.17825,-0.63387
7564,0.9959,-0.03663,0.082747,0.052595,0.97841,-0.19989,-0.073639,0.20342,0.97632,11.571,4.7465,2.1064,0.10146,0.03934,0.022445,0.99381,0.91314,0.35407,0.20201,12.758,12.249,130.13,-581.2,0.023782,0.1858,-0.59085,-0.033727,0.19858,-0.64912,0.0053225,0.1953,-0.66165,0.082578,0.1786,-0.63259
7567,0.99427,-0.034218,0.10124,0.054334,0.97763,-0.20318,-0.092023,0.20752,0.97389,11.785,5.8106,1.971,0.10338,0.048647,0.022289,0.9932,0.88808,0.4179,0.19148,13.37,10.429,130.62,-580.58,0.02226,0.18619,-0.59041,-0.034229,0.19871,-0.6498,0.0051053,0.19526,-0.66165,0.081903,0.17909,-0.63089
7569,0.99194,-0.031957,0.12257,0.056144,0.97833,-0.19929,-0.11355,0.20457,0.97224,11.584,7.0406,1.8452,0.1017,0.059459,0.022185,0.99279,0.84837,0.49601,0.18507,13.77,8.6568,130.58,-580.51,0.020583,0.1862,-0.58995,-0.034608,0.19875,-0.65043,0.0049852,0.1954,-0.66149,0.081151,0.1794,-0.6292
7572,0.98878,-0.030533,0.14623,0.059362,0.97859,-0.19707,-0.13708,0.20354,0.96942,11.491,8.4084,1.7687,0.10095,0.071393,0.022653,0.99207,0.80309,0.56795,0.18021,14.443,6.6362,130.71,-580.24,0.018865,0.1863,-0.58943,-0.034875,0.1989,-0.6512,0.0049628,0.19548,-0.66133,0.080382,0.17976,-0.62725
7574,0.9851,-0.028476,0.16962,0.062026,0.97866,-0.19592,-0.16042,0.20352,0.96584,11.467,9.7659,1.6558,0.10075,0.083248,0.022827,0.99116,0.7594,0.62746,0.17206,15.248,4.8514,130.76,-580.16,0.017134,0.18639,-0.58905,-0.035146,0.19884,-0.65209,0.0049037,0.19554,-0.66124,0.079505,0.17992,-0.62531
7576,0.98218,-0.023361,0.1865,0.06016,0.97912,-0.19418,-0.17807,0.20193,0.96307,11.399,10.749,1.3625,0.099977,0.092018,0.021081,0.9905,0.72709,0.66921,0.15331,15.807,3.779,130.63,-580.3,0.015855,0.18635,-0.58891,-0.03537,0.19853,-0.6528,0.0048176,0.19551,-0.66126,0.078878,0.1802,-0.62414
7579,0.97651,-0.021605,0.21438,0.064213,0.97893,-0.19384,-0.20567,0.20306,0.95732,11.447,12.379,1.2674,0.10033,0.10618,0.021692,0.98904,0.67935,0.71896,0.14689,16.985,1.5618,130.72,-580.4,0.013603,0.1865,-0.58866,-0.035832,0.19843,-0.65405,0.0045942,0.19561,-0.6613,0.077586,0.18026,-0.62218
7582,0.97263,-0.015749,0.23184,0.061906,0.9792,-0.1932,-0.22397,0.20226,0.95338,11.456,13.405,0.92767,0.10006,0.11533,0.019648,0.98808,0.64997,0.74916,0.12763,17.711,0.28015,130.69,-580.56,0.012156,0.18653,-0.58864,-0.036188,0.19816,-0.65495,0.0043778,0.19556,-0.66146,0.076727,0.18065,-0.62082
7584,0.96823,-0.013987,0.24969,0.063805,0.97921,-0.19257,-0.2418,0.20238,0.94899,11.471,14.459,0.82761,0.10004,0.12449,0.019705,0.98697,0.62168,0.77364,0.12245,18.521,-1.4325,130.92,-580.6,0.010783,0.1867,-0.58861,-0.036324,0.19833,-0.65575,0.0043444,0.19557,-0.66159,0.075999,0.18112,-0.61964
7588,0.96222,-0.014283,0.27191,0.068545,0.97917,-0.19113,-0.26352,0.20254,0.94315,11.456,15.778,0.85043,0.09987,0.13583,0.021012,0.98546,0.58782,0.79948,0.12368,19.564,-2.6524,130.82,-580.82,0.0095505,0.18665,-0.58847,-0.036006,0.19821,-0.65673,0.0047604,0.1956,-0.66155,0.075393,0.1809,-0.61799
7591,0.95591,-0.018946,0.29306,0.077822,0.97858,-0.19058,-0.28317,0.20498,0.93691,11.498,17.041,1.1354,0.10052,0.14643,0.024591,0.98379,0.56061,0.81665,0.13714,20.659,-4.3057,130.93,-580.61,0.0083176,0.1867,-0.58803,-0.035657,0.19839,-0.65727,0.005201,0.1956,-0.66124,0.074859,0.18055,-0.61619
7594,0.94957,-0.018018,0.31304,0.079782,0.97937,-0.18564,-0.30324,0.20125,0.93142,11.272,18.243,1.0871,0.098455,0.15683,0.024888,0.98239,0.52695,0.83939,0.13321,21.537,-5.4616,130.76,-580.41,0.0072959,0.18655,-0.58741,-0.03524,0.19843,-0.65754,0.0056763,0.19566,-0.66063,0.074366,0.1807,-0.61416
7597,0.94416,-0.018367,0.32899,0.081861,0.98022,-0.18021,-0.31917,0.19707,0.92698,11.001,19.207,1.1145,0.096123,0.16514,0.025536,0.98124,0.49863,0.85663,0.13247,22.229,-6.0497,130.49,-580.33,0.0065873,0.18637,-0.58683,-0.03474,0.19841,-0.65757,0.0062129,0.19583,-0.65996,0.074161,0.18057,-0.6125
7600,0.93754,-0.018531,0.34739,0.085787,0.98006,-0.17924,-0.33714,0.19785,0.92043,11.02,20.328,1.1323,0.096241,0.17471,0.026624,0.97954,0.47826,0.86819,0.13231,23.218,-6.8998,130.44,-579.55,0.0059804,0.18629,-0.58587,-0.033974,0.19835,-0.65745,0.007037,0.19568,-0.65907,0.07404,0.18051,-0.61023
7604,0.93118,-0.025849,0.36363,0.095035,0.98021,-0.17368,-0.35195,0.19629,0.91521,10.746,21.323,1.5901,0.094565,0.1829,0.030898,0.97808,0.45419,0.87846,0.1484,24.035,-8.0935,130.36,-579.25,0.0055531,0.18606,-0.58519,-0.03306,0.19878,-0.65739,0.0079505,0.19563,-0.65837,0.074014,0.18015,-0.60826
7609,0.92126,-0.022476,0.3883,0.09666,0.98024,-0.17259,-0.37674,0.19654,0.90523,10.795,22.848,1.3975,0.094596,0.19605,0.030531,0.97554,0.43035,0.89191,0.13889,25.396,-8.7681,130.32,-578.88,0.004497,0.18616,-0.58445,-0.032223,0.19851,-0.65771,0.0087849,0.19575,-0.6575,0.073517,0.18018,-0.60577
7613,0.91298,-0.025462,0.40722,0.10222,0.9805,-0.16786,-0.395,0.19488,0.89777,10.591,24.03,1.5975,0.093149,0.206,0.032787,0.97356,0.40775,0.90175,0.14352,26.411,-9.9837,130.03,-578.19,0.0033233,0.1859,-0.58329,-0.031863,0.19846,-0.6573,0.0091389,0.19575,-0.65622,0.072786,0.17973,-0.60337
7617,0.90493,-0.031616,0.42438,0.11098,0.98026,-0.16363,-0.41082,0.19517,0.89058,10.411,25.111,2.0009,0.092327,0.21491,0.036693,0.97157,0.38995,0.9077,0.15498,27.391,-11.232,129.82,-577.36,0.0022383,0.18569,-0.58203,-0.031481,0.19852,-0.65673,0.0094773,0.19575,-0.65483,0.072059,0.17899,-0.60086
7621,0.8963,-0.029122,0.4425,0.10962,0.98143,-0.15744,-0.42969,0.18962,0.88284,10.112,26.263,1.8609,0.089485,0.22488,0.035772,0.96961,0.36575,0.91916,0.14621,28.324,-12.77,129.55,-576.87,0.00092461,0.1854,-0.58111,-0.031317,0.19853,-0.65637,0.0095886,0.19566,-0.65372,0.071165,0.17936,-0.59847
7625,0.88827,-0.034505,0.45802,0.11714,0.98122,-0.15326,-0.44413,0.18978,0.87563,9.9275,27.259,2.2246,0.08863,0.23308,0.03918,0.96762,0.35112,0.92338,0.15521,29.242,-14.146,129.33,-576.8,-0.00033865,0.18518,-0.58064,-0.031209,0.19855,-0.65646,0.0096444,0.19564,-0.65307,0.070138,0.1787,-0.59687
7628,0.87914,-0.034165,0.47534,0.12006,0.98113,-0.15154,-0.46119,0.19029,0.86665,9.9181,28.381,2.2255,0.088533,0.24256,0.039945,0.96526,0.33884,0.92834,0.15288,30.292,-15.773,129.42,-576.84,-0.0016514,0.1852,-0.58048,-0.031032,0.19862,-0.65686,0.0097705,0.19554,-0.65276,0.06919,0.17888,-0.59533
7631,0.8683,-0.032956,0.49494,0.12134,0.98159,-0.14751,-0.48097,0.18814,0.85632,9.7741,29.666,2.1736,0.087176,0.25346,0.040074,0.96258,0.32167,0.93524,0.14787,31.449,-17.468,129.38,-577.12,-0.003288,0.18517,-0.58038,-0.030968,0.19866,-0.65735,0.0097448,0.19559,-0.65236,0.067894,0.17907,-0.59358
7635,0.85609,-0.033352,0.51575,0.12696,0.98091,-0.14731,-0.50099,0.19159,0.84398,9.9008,31.048,2.231,0.088321,0.26497,0.041779,0.95929,0.31274,0.93825,0.14794,32.809,-19.42,129.66,-577.09,-0.0052079,0.18545,-0.58015,-0.031009,0.19872,-0.65784,0.0095575,0.19569,-0.65179,0.066261,0.17906,-0.59166
7638,0.84655,-0.037949,0.53096,0.13386,0.98058,-0.14335,-0.5152,0.19242,0.83519,9.7389,32.07,2.5667,0.087727,0.27333,0.04489,0.95686,0.30193,0.94073,0.1545,33.782,-20.949,129.53,-577.32,-0.0066501,0.18532,-0.58001,-0.031002,0.19875,-0.65815,0.0094454,0.19568,-0.65136,0.065005,0.17851,-0.59037
7641,0.83692,-0.033934,0.54627,0.13113,0.98144,-0.13993,-0.53139,0.18874,0.82584,9.6167,33.112,2.3218,0.086084,0.28226,0.043233,0.95449,0.28864,0.9464,0.14496,34.705,-22.188,129.45,-577.49,-0.007999,0.18529,-0.57988,-0.030983,0.19872,-0.65841,0.0093307,0.19576,-0.65092,0.063907,0.17895,-0.58884
7646,0.82495,-0.032384,0.56427,0.13153,0.98195,-0.13595,-0.54968,0.18637,0.81432,9.4778,34.352,2.248,0.084689,0.29269,0.043069,0.95147,0.27521,0.95114,0.13996,35.845,-23.351,129.24,-577.71,-0.0099419,0.18528,-0.5797,-0.03126,0.19849,-0.65882,0.0088522,0.19611,-0.65026,0.062072,0.17871,-0.58723
7650,0.81407,-0.028741,0.58006,0.1303,0.98235,-0.1342,-0.56597,0.18483,0.80344,9.4825,35.455,2.022,0.084073,0.30201,0.041913,0.94866,0.26582,0.95487,0.13252,36.877,-25.115,129.23,-577.86,-0.011644,0.18527,-0.57963,-0.031492,0.19844,-0.65917,0.008468,0.19604,-0.64988,0.060544,0.17914,-0.58576
7653,0.80348,-0.030043,0.59457,0.13079,0.98323,-0.12706,-0.58078,0.17985,0.79394,9.0923,36.482,2.1414,0.081096,0.31057,0.042497,0.94613,0.25047,0.95919,0.13125,37.784,-26.43,128.84,-578.29,-0.013177,0.18494,-0.57956,-0.031603,0.1984,-0.65932,0.0081918,0.19614,-0.64932,0.059184,0.17888,-0.58443
7656,0.79258,-0.034823,0.60878,0.1401,0.98206,-0.12623,-0.59346,0.18534,0.78323,9.1552,37.501,2.5158,0.082589,0.31869,0.04637,0.94312,0.24842,0.95856,0.13947,38.837,-28.375,129.02,-578.07,-0.014947,0.18508,-0.57919,-0.031854,0.19844,-0.65933,0.0077191,0.19609,-0.64858,0.05743,0.17834,-0.58285
7659,0.78026,-0.036146,0.62441,0.1413,0.9827,-0.11969,-0.60928,0.18162,0.77187,8.814,38.639,2.6523,0.080129,0.32809,0.047191,0.94006,0.23497,0.9621,0.13838,39.877,-30.869,128.97,-578.16,-0.017022,0.18494,-0.57878,-0.032346,0.19877,-0.65916,0.007053,0.19609,-0.64774,0.055453,0.17861,-0.58095
7662,0.76777,-0.037469,0.63962,0.14295,0.98314,-0.114,-0.62457,0.17896,0.76019,8.5285,39.764,2.7939,0.078172,0.33734,0.048143,0.9369,0.2236,0.9649,0.13771,40.926,-32.963,128.69,-578.27,-0.0192,0.18468,-0.57846,-0.03294,0.19872,-0.65908,0.006238,0.19608,-0.64691,0.053324,0.17838,-0.57928
7665,0.7554,-0.033632,0.65441,0.14041,0.98379,-0.11152,-0.64005,0.17613,0.74787,8.4812,40.875,2.5493,0.07702,0.3466,0.046601,0.93368,0.21508,0.96789,0.13014,41.967,-34.365,128.32,-578.16,-0.021251,0.18446,-0.57813,-0.033495,0.19828,-0.65913,0.005427,0.19609,-0.64605,0.051295,0.17827,-0.57762
7669,0.73688,-0.031723,0.67528,0.14062,0.98424,-0.1072,-0.66124,0.17395,0.72973,8.3575,42.476,2.4651,0.075675,0.35974,0.046386,0.92882,0.20424,0.97088,0.12519,43.496,-36.963,128.09,-578.42,-0.024307,0.18434,-0.57803,-0.034312,0.19805,-0.65937,0.004211,0.19617,-0.64515,0.048216,0.17817,-0.57555
