frames,r11,r21,r31,r12,r22,r32,r13,r23,r33,roll,pitch,yaw,q1,q2,q3,q4,u1,u2,u3,angle,Sx,Sy,Sz,M1x,M1y,M1z,M2x,M2y,M2z,M3x,M3y,M3z,M4x,M4y,M4z
6003,0.99957,0.018018,0.022938,-0.012561,0.97564,-0.21901,-0.026326,0.21863,0.97545,12.655,1.3144,-1.0327,0.11009,0.012393,-0.0076925,0.99381,0.99134,0.11159,-0.069267,12.752,-6.1982,85.941,-746.33,-0.0092655,0.15155,-0.77374,-0.065297,0.15302,-0.83437,-0.026124,0.15468,-0.84545,0.051443,0.14733,-0.81369
6353,0.99962,0.017278,0.021398,-0.011721,0.97147,-0.23689,-0.024881,0.23655,0.9713,13.706,1.2261,-0.99024,0.11922,0.011654,-0.0073025,0.99277,0.99341,0.097107,-0.060848,13.786,-1.937,86.431,-740.25,-0.0048451,0.15151,-0.76891,-0.06094,0.15197,-0.82947,-0.021762,0.1533,-0.84059,0.055783,0.14657,-0.80866
6355,0.99958,0.019017,0.021757,-0.012788,0.96631,-0.25707,-0.025912,0.25669,0.96615,14.9,1.2467,-1.0899,0.12955,0.01202,-0.0080196,0.99147,0.99384,0.092213,-0.061524,14.979,-2.1534,87.627,-742.08,-0.0053421,0.15213,-0.77198,-0.06141,0.15118,-0.83263,-0.022237,0.15248,-0.84367,0.055295,0.1463,-0.8117
6358,0.99952,0.022907,0.021002,-0.016123,0.95995,-0.27971,-0.026569,0.27924,0.95985,16.247,1.2034,-1.3129,0.14117,0.012014,-0.0098576,0.98986,0.994,0.084596,-0.069408,16.33,-2.6952,88.64,-745.14,-0.0062295,0.15244,-0.77648,-0.062291,0.14982,-0.83707,-0.023159,0.15108,-0.84816,0.054432,0.1458,-0.81605
6459,0.99993,0.010335,0.0057963,-0.0087238,0.97313,-0.23011,-0.0080187,0.23005,0.97315,13.304,0.33211,-0.59216,0.11582,0.0034772,-0.004797,0.99325,0.99869,0.029983,-0.041363,13.319,-2.7548,86.099,-734.73,-0.0058759,0.15143,-0.76279,-0.062944,0.15261,-0.82252,-0.023941,0.1539,-0.83421,0.054077,0.14621,-0.80374
6462,0.99986,0.012656,-0.010737,-0.01474,0.97449,-0.22393,0.0076292,0.22406,0.97455,12.941,-0.61521,-0.72522,0.11272,-0.0046212,-0.0068933,0.99359,0.9973,-0.040887,-0.06099,12.979,-1.5217,85.635,-734.58,-0.0055174,0.15118,-0.76203,-0.063582,0.15249,-0.82083,-0.024783,0.15412,-0.8331,0.053736,0.14618,-0.8039
6465,0.99935,0.0099829,-0.034697,-0.017332,0.97569,-0.21848,0.031672,0.21894,0.97522,12.628,-1.9884,-0.57233,0.11004,-0.016697,-0.0068717,0.99376,0.98681,-0.14973,-0.061621,12.805,-0.58166,85.254,-734.07,-0.0047502,0.1509,-0.76126,-0.064171,0.15278,-0.81859,-0.025699,0.15417,-0.8318,0.053481,0.14615,-0.80451
6467,0.99852,0.0080072,-0.053716,-0.019498,0.97599,-0.21695,0.050689,0.21768,0.9747,12.549,-3.0792,-0.45945,0.10936,-0.026268,-0.0069203,0.99363,0.97051,-0.23313,-0.061416,12.94,0.31864,85.063,-733.54,-0.0040824,0.15072,-0.76066,-0.064595,0.15285,-0.81684,-0.02636,0.15407,-0.83086,0.053323,0.14601,-0.80506
6469,0.99724,0.006056,-0.073949,-0.022086,0.97571,-0.21793,0.070834,0.21896,0.97316,12.623,-4.2409,-0.34794,0.10997,-0.036442,-0.0070832,0.99324,0.94747,-0.31398,-0.061029,13.33,1.7467,85.285,-733.01,-0.0033476,0.15096,-0.75995,-0.065009,0.15303,-0.81494,-0.027062,0.15435,-0.82972,0.053098,0.1459,-0.80555
6471,0.9956,0.0082611,-0.093332,-0.027631,0.97769,-0.20821,0.08953,0.20987,0.97362,12.071,-5.3553,-0.47541,0.10522,-0.046022,-0.0090332,0.99334,0.91338,-0.39949,-0.078413,13.23,3.1802,84.642,-733.31,-0.0027007,0.1506,-0.7594,-0.065412,0.15302,-0.81316,-0.02775,0.15466,-0.82851,0.052851,0.14593,-0.80594
6473,0.99364,0.007399,-0.11232,-0.030883,0.97747,-0.20882,0.10824,0.21096,0.97148,12.131,-6.4489,-0.42663,0.10571,-0.05554,-0.0096399,0.9928,0.88238,-0.46361,-0.080468,13.761,3.9247,84.67,-732.59,-0.0022392,0.15057,-0.75877,-0.065994,0.15304,-0.81134,-0.028624,0.15451,-0.82751,0.052381,0.14592,-0.80649
6475,0.99102,0.010124,-0.13335,-0.037139,0.97874,-0.2017,0.12847,0.20484,0.97033,11.743,-7.6632,-0.58528,0.10241,-0.065951,-0.011905,0.99248,0.83675,-0.53888,-0.097275,14.06,4.8833,84.386,-732.67,-0.0020218,0.15045,-0.75823,-0.066872,0.15311,-0.80941,-0.029851,0.15481,-0.8263,0.051629,0.14618,-0.80709
6477,0.98829,0.011519,-0.15217,-0.042166,0.97894,-0.19974,0.14667,0.20382,0.96796,11.66,-8.7527,-0.6678,0.10172,-0.075322,-0.013531,0.99187,0.7991,-0.59173,-0.1063,14.626,5.3501,84.411,-732.21,-0.0018984,0.15045,-0.75773,-0.067671,0.15319,-0.80759,-0.030976,0.15478,-0.8253,0.050834,0.14647,-0.80756
6480,0.98444,0.013691,-0.17521,-0.048587,0.9793,-0.19647,0.16889,0.20193,0.96473,11.511,-10.091,-0.79676,0.1005,-0.086805,-0.01571,0.99102,0.75155,-0.64913,-0.11748,15.37,6.6632,84.333,-732.07,-0.0014385,0.15045,-0.75715,-0.068387,0.15311,-0.80549,-0.032123,0.15492,-0.82398,0.050092,0.14657,-0.80816
6483,0.981,0.013761,-0.19351,-0.052188,0.97943,-0.19492,0.18685,0.20131,0.96154,11.459,-11.158,-0.80364,0.10004,-0.096031,-0.01665,0.9902,0.71626,-0.68757,-0.11921,16.057,7.8479,84.301,-732.03,-0.00098272,0.15048,-0.75668,-0.068864,0.15306,-0.8038,-0.032919,0.1551,-0.82294,0.049543,0.14644,-0.80873
6486,0.97654,0.013717,-0.21491,-0.056476,0.97935,-0.19412,0.2078,0.2017,0.95715,11.465,-12.41,-0.80475,0.10005,-0.10685,-0.017742,0.98907,0.67854,-0.72464,-0.12033,16.958,8.1965,84.271,-731.37,-0.00069668,0.15035,-0.75627,-0.069611,0.15312,-0.80189,-0.03409,0.15476,-0.82189,0.04871,0.14665,-0.80941
6488,0.97225,0.016436,-0.23336,-0.061923,0.98003,-0.18896,0.2256,0.19817,0.95385,11.206,-13.495,-0.96848,0.09794,-0.11611,-0.019824,0.9882,0.63934,-0.75796,-0.12941,17.624,9.1973,84.171,-731.62,-0.00053373,0.15038,-0.75584,-0.070293,0.1531,-0.80015,-0.035192,0.1551,-0.82075,0.047823,0.1468,-0.80993
6490,0.96689,0.016983,-0.25464,-0.066814,0.97983,-0.18835,0.2463,0.19913,0.94852,11.231,-14.752,-1.0063,0.098163,-0.12691,-0.021229,0.98682,0.60654,-0.78416,-0.13117,18.628,9.9953,84.084,-731.26,-0.00013242,0.15023,-0.75551,-0.070885,0.15295,-0.79827,-0.036197,0.15479,-0.8197,0.047019,0.14679,-0.81062
6492,0.96029,0.018364,-0.27838,-0.072042,0.98031,-0.18385,0.26953,0.1966,0.94271,11.035,-16.164,-1.0955,0.096531,-0.13902,-0.022939,0.98531,0.56519,-0.81396,-0.13431,19.668,11.443,83.926,-731.79,0.00050167,0.15017,-0.7554,-0.071226,0.15287,-0.79638,-0.037109,0.15496,-0.81859,0.046335,0.14677,-0.81166
6494,0.95298,0.018079,-0.30249,-0.076323,0.98036,-0.18186,0.29326,0.19639,0.93564,10.999,-17.607,-1.0869,0.096151,-0.15144,-0.023997,0.98349,0.53128,-0.83676,-0.13259,20.854,12.919,84.042,-732.15,0.0013114,0.15031,-0.75536,-0.071441,0.153,-0.79452,-0.037883,0.15516,-0.81762,0.045667,0.14683,-0.81278
6496,0.94548,0.016572,-0.32526,-0.080228,0.97978,-0.18329,0.31564,0.19939,0.92769,11.176,-18.981,-1.0041,0.097479,-0.16325,-0.024657,0.98145,0.50841,-0.85146,-0.1286,22.108,14.03,84.169,-731.95,0.0021294,0.15032,-0.75536,-0.071606,0.15303,-0.79282,-0.038589,0.15488,-0.81671,0.045054,0.14681,-0.81378
6498,0.93855,0.015129,-0.34481,-0.081482,0.98051,-0.17877,0.33538,0.19588,0.92149,10.979,-20.17,-0.92353,0.095586,-0.17354,-0.024649,0.97987,0.47877,-0.86922,-0.12346,23.033,14.776,83.856,-732.15,0.0027247,0.15006,-0.75532,-0.071711,0.15315,-0.79117,-0.03921,0.15484,-0.81579,0.044496,0.14676,-0.81458
6500,0.93219,0.017894,-0.36153,-0.08634,0.98094,-0.17407,0.35152,0.19348,0.91597,10.76,-21.194,-1.0997,0.093917,-0.1822,-0.026634,0.9784,0.45436,-0.88145,-0.12885,23.858,15.98,83.723,-732.63,0.0032668,0.15001,-0.7552,-0.071781,0.15302,-0.78969,-0.039733,0.15497,-0.81487,0.044004,0.14686,-0.81518
6503,0.92327,0.020866,-0.38359,-0.094708,0.98007,-0.17464,0.3723,0.19757,0.90684,10.901,-22.556,-1.2947,0.095343,-0.19362,-0.029604,0.97598,0.43767,-0.88881,-0.1359,25.165,17.86,84.251,-732.63,0.0041687,0.15046,-0.75486,-0.071763,0.15296,-0.78765,-0.040331,0.15514,-0.8135,0.04337,0.14716,-0.81585
6506,0.91304,0.019058,-0.40743,-0.095729,0.98102,-0.16864,0.39649,0.19297,0.89753,10.641,-24.044,-1.1958,0.092854,-0.20643,-0.029475,0.9736,0.40679,-0.90435,-0.12913,26.39,18.948,83.764,-733.1,0.0050999,0.15006,-0.75498,-0.071616,0.15304,-0.78571,-0.040826,0.15502,-0.81244,0.042763,0.14702,-0.81687
6508,0.90561,0.019666,-0.42365,-0.099724,0.98079,-0.16765,0.41221,0.19407,0.89018,10.666,-25.065,-1.244,0.093066,-0.21506,-0.030718,0.97167,0.39379,-0.90997,-0.12998,27.341,19.829,83.773,-733.14,0.0056377,0.15001,-0.75498,-0.071558,0.15295,-0.78431,-0.041275,0.15482,-0.8116,0.042226,0.14707,-0.81752
6510,0.89758,0.018194,-0.44047,-0.10425,0.97957,-0.17199,0.42834,0.20029,0.88114,11.045,-26.134,-1.1612,0.096016,-0.22408,-0.031581,0.96932,0.3906,-0.91155,-0.12847,28.461,21.157,84.21,-733.03,0.0063529,0.15032,-0.75485,-0.071443,0.1529,-0.78282,-0.041708,0.15477,-0.81069,0.04167,0.14692,-0.81819
6512,0.88499,0.022655,-0.46507,-0.11093,0.98031,-0.16333,0.45221,0.19614,0.87008,10.632,-27.715,-1.4664,0.092996,-0.2373,-0.034558,0.96636,0.36156,-0.92262,-0.13436,29.809,22.886,84.033,-733.73,0.0073257,0.15024,-0.75471,-0.071233,0.1528,-0.7805,-0.042259,0.15492,-0.80912,0.040894,0.14725,-0.81884
6514,0.87659,0.022327,-0.48072,-0.11285,0.98061,-0.16024,0.46782,0.19471,0.86211,10.529,-28.732,-1.459,0.092024,-0.24592,-0.035046,0.96428,0.34739,-0.92834,-0.1323,30.722,24.01,83.858,-734.21,0.0080469,0.15013,-0.75468,-0.0709,0.15273,-0.77905,-0.042459,0.15497,-0.80816,0.040484,0.14708,-0.81944
6516,0.86739,0.017377,-0.49733,-0.11392,0.97979,-0.16444,0.48442,0.19929,0.85183,10.926,-29.824,-1.1477,0.094561,-0.25523,-0.034132,0.96164,0.34472,-0.93042,-0.12443,31.842,25.189,84.246,-733.96,0.0090435,0.15039,-0.75468,-0.070394,0.15306,-0.77757,-0.042505,0.15496,-0.80731,0.040191,0.14694,-0.82009
6518,0.85751,0.018102,-0.51414,-0.11652,0.98024,-0.15983,0.50109,0.19696,0.84268,10.74,-30.94,-1.2093,0.09299,-0.2646,-0.035086,0.95922,0.329,-0.93614,-0.12413,32.837,26.473,84.007,-734.52,0.0099961,0.15021,-0.7548,-0.069847,0.15299,-0.77614,-0.042549,0.15491,-0.80635,0.039906,0.14692,-0.82069
6520,0.84696,0.017196,-0.53137,-0.11987,0.97992,-0.15934,0.51796,0.19865,0.83202,10.842,-32.098,-1.1631,0.093578,-0.27429,-0.035827,0.95641,0.32045,-0.93929,-0.12269,33.958,27.943,84.096,-735.14,0.010955,0.15028,-0.75504,-0.069282,0.15295,-0.77475,-0.0426,0.15493,-0.80554,0.039484,0.14677,-0.8216
6522,0.83327,0.015391,-0.55265,-0.12381,0.97942,-0.1594,0.53882,0.20124,0.81803,11.026,-33.549,-1.0581,0.094633,-0.28641,-0.036526,0.95272,0.31146,-0.94263,-0.12021,35.377,29.68,84.281,-735.9,0.012135,0.15043,-0.75545,-0.068682,0.15299,-0.77319,-0.04277,0.15497,-0.80463,0.0389,0.14661,-0.82278
6524,0.82002,0.014145,-0.57217,-0.12519,0.97992,-0.15519,0.55848,0.19888,0.80532,10.907,-34.901,-0.98822,0.093238,-0.29773,-0.03669,0.94938,0.2968,-0.94777,-0.11679,36.618,30.779,84.164,-736.38,0.013111,0.15032,-0.7558,-0.067983,0.15323,-0.77157,-0.042874,0.15494,-0.80364,0.038338,0.14676,-0.82365
6526,0.8071,0.012181,-0.59029,-0.13037,0.97879,-0.15805,0.57584,0.20452,0.79156,11.292,-36.178,-0.86466,0.095848,-0.30827,-0.037683,0.94571,0.2949,-0.94847,-0.11594,37.934,32.653,84.396,-737.27,0.014233,0.15048,-0.75622,-0.067298,0.153,-0.77025,-0.042862,0.15487,-0.80286,0.037824,0.14629,-0.82471
6528,0.79394,0.010465,-0.6079,-0.13326,0.97854,-0.15719,0.59321,0.20581,0.77829,11.419,-37.438,-0.75516,0.096321,-0.31871,-0.038136,0.94217,0.28742,-0.95102,-0.1138,39.16,33.871,84.421,-738.02,0.015075,0.15048,-0.75669,-0.066689,0.15302,-0.76891,-0.04298,0.1548,-0.80205,0.03724,0.14613,-0.82561
6530,0.78144,0.0083641,-0.62392,-0.13476,0.97857,-0.15566,0.60925,0.20572,0.76583,11.49,-38.603,-0.61324,0.09623,-0.32837,-0.038111,0.93886,0.2795,-0.95374,-0.11069,40.277,34.886,84.353,-738.33,0.015927,0.15038,-0.75694,-0.066032,0.15313,-0.76749,-0.04301,0.15467,-0.80111,0.036696,0.14606,-0.82621
6532,0.76961,0.0052831,-0.63849,-0.13776,0.97779,-0.15795,0.62348,0.20952,0.75324,11.843,-39.68,-0.39331,0.098202,-0.33724,-0.038225,0.9355,0.27794,-0.95449,-0.10819,41.382,36.255,84.643,-738.37,0.016951,0.15057,-0.75698,-0.065207,0.15328,-0.766,-0.042826,0.15464,-0.8001,0.036374,0.14593,-0.82665
6534,0.75649,0.0035792,-0.654,-0.1375,0.97851,-0.15369,0.63939,0.20619,0.74072,11.722,-40.844,-0.27109,0.096517,-0.34688,-0.037836,0.93216,0.26659,-0.95813,-0.10451,42.451,37.554,84.175,-739.3,0.018101,0.1502,-0.75739,-0.064173,0.1532,-0.76474,-0.042503,0.15455,-0.79922,0.036137,0.14558,-0.82738
6536,0.74163,-0.004905,-0.67079,-0.13924,0.97707,-0.16109,0.65619,0.21286,0.72395,12.545,-42.128,0.37894,0.10077,-0.35759,-0.036199,0.92772,0.26996,-0.95797,-0.096976,43.836,39.081,84.631,-739.28,0.019396,0.15047,-0.75782,-0.063089,0.15361,-0.76334,-0.042209,0.15444,-0.79842,0.035745,0.14516,-0.82833
6538,0.72706,-0.00462,-0.68656,-0.14046,0.97783,-0.15533,0.67205,0.20937,0.71029,12.335,-43.358,0.36407,0.098672,-0.36759,-0.036753,0.92401,0.25805,-0.96134,-0.09612,44.961,40.471,84.21,-740.56,0.020458,0.15019,-0.75822,-0.062067,0.15343,-0.76196,-0.041935,0.15448,-0.79745,0.035284,0.14489,-0.82907
6540,0.71197,-0.01108,-0.70212,-0.14012,0.97753,-0.15751,0.68809,0.21052,0.69442,12.78,-44.597,0.89155,0.10003,-0.37787,-0.035073,0.91977,0.25489,-0.96283,-0.089369,46.215,41.686,84.358,-740.54,0.021661,0.15024,-0.75854,-0.060971,0.15394,-0.76049,-0.041595,0.15445,-0.79648,0.034952,0.14476,-0.82967
6542,0.69838,-0.010565,-0.71565,-0.14201,0.97797,-0.15302,0.7015,0.2085,0.68149,12.655,-45.696,0.86671,0.098645,-0.38668,-0.035867,0.91622,0.2462,-0.96508,-0.089516,47.241,43.104,84.119,-741.78,0.022723,0.15012,-0.75893,-0.059887,0.15379,-0.75931,-0.041237,0.15457,-0.79562,0.034616,0.14455,-0.83032
6544,0.68214,-0.013291,-0.7311,-0.14387,0.97785,-0.15201,0.71693,0.20888,0.66512,12.874,-46.979,1.1163,0.098956,-0.39705,-0.035805,0.91174,0.24091,-0.96663,-0.087167,48.505,44.347,84.085,-742.24,0.023755,0.15003,-0.75935,-0.058845,0.15393,-0.75787,-0.040969,0.15442,-0.7946,0.034062,0.14445,-0.83093
6546,0.66769,-0.014832,-0.74429,-0.14608,0.97775,-0.15052,0.72997,0.20923,0.65067,13.026,-48.098,1.2726,0.099076,-0.40602,-0.036145,0.90776,0.23618,-0.96788,-0.086163,49.605,45.616,84.115,-742.8,0.024666,0.15011,-0.75925,-0.057882,0.15396,-0.75616,-0.040724,0.1546,-0.79324,0.033546,0.14422,-0.83107
6548,0.65527,-0.01227,-0.75529,-0.148,0.9784,-0.1443,0.74075,0.20634,0.6393,12.719,-49.051,1.0727,0.096906,-0.41347,-0.037512,0.90457,0.2273,-0.96984,-0.08799,50.469,46.809,83.759,-743.15,0.025626,0.14984,-0.75897,-0.056843,0.1537,-0.75453,-0.040366,0.1545,-0.79182,0.03328,0.1442,-0.83095
6550,0.64054,-0.016967,-0.76774,-0.15128,0.97738,-0.14782,0.75288,0.21082,0.62348,13.337,-50.151,1.5173,0.0996,-0.4223,-0.037301,0.90019,0.22871,-0.96972,-0.085652,51.633,48.178,84.02,-742.49,0.026738,0.1499,-0.7588,-0.05568,0.15392,-0.75274,-0.039885,0.15418,-0.79049,0.03297,0.14407,-0.83093
6552,0.62428,-0.0141,-0.78107,-0.15544,0.9776,-0.14189,0.76558,0.20999,0.60811,13.134,-51.359,1.2939,0.0982,-0.43163,-0.039445,0.89582,0.22097,-0.97123,-0.088758,52.771,49.746,83.682,-743.0,0.027868,0.14961,-0.75851,-0.054315,0.15346,-0.75072,-0.039382,0.15395,-0.78875,0.032569,0.14389,-0.83078
6554,0.60658,-0.018114,-0.79482,-0.15391,0.97815,-0.13975,0.77998,0.20709,0.59054,13.314,-52.638,1.7105,0.097322,-0.44188,-0.038102,0.89096,0.21433,-0.97315,-0.083912,54.011,51.099,83.52,-743.05,0.029193,0.14954,-0.75813,-0.052877,0.15379,-0.74851,-0.038724,0.15417,-0.78686,0.032301,0.14368,-0.83047
6556,0.58963,-0.018337,-0.80747,-0.15436,0.97876,-0.13495,0.79279,0.20421,0.57427,13.224,-53.849,1.7812,0.095658,-0.45135,-0.038366,0.88638,0.20662,-0.97491,-0.08287,55.157,52.415,83.105,-743.56,0.030358,0.1492,-0.75805,-0.051425,0.15363,-0.7467,-0.038081,0.15405,-0.78533,0.031984,0.14345,-0.83037
6558,0.57338,-0.018105,-0.81909,-0.15806,0.97853,-0.13228,0.8039,0.20531,0.5582,13.331,-54.994,1.8086,0.095713,-0.46015,-0.039681,0.88178,0.20292,-0.97557,-0.084128,56.286,54.032,83.034,-743.65,0.031635,0.14907,-0.75788,-0.049952,0.15348,-0.74489,-0.037407,0.1538,-0.7838,0.031732,0.14339,-0.83018
6560,0.55835,-0.023287,-0.82928,-0.15656,0.97869,-0.13289,0.8147,0.20403,0.54281,13.757,-56.025,2.3882,0.095994,-0.46838,-0.037971,0.87747,0.20014,-0.97656,-0.079168,57.322,55.143,82.926,-743.51,0.032766,0.14896,-0.7578,-0.048518,0.15382,-0.74332,-0.036658,0.1538,-0.78253,0.031669,0.14315,-0.83009
6563,0.53679,-0.020742,-0.84346,-0.16223,0.97851,-0.12731,0.82798,0.20517,0.52188,13.709,-57.508,2.2129,0.095389,-0.47954,-0.040593,0.87137,0.19443,-0.97742,-0.082739,58.762,56.726,82.653,-744.98,0.033811,0.14876,-0.75803,-0.047095,0.15321,-0.7415,-0.036303,0.15364,-0.78089,0.030687,0.14273,-0.83031
6565,0.52275,-0.021422,-0.85221,-0.16773,0.97756,-0.12746,0.83582,0.20957,0.50743,14.1,-58.453,2.3467,0.097167,-0.48667,-0.04218,0.86714,0.19509,-0.97712,-0.08469,59.743,57.319,82.906,-744.43,0.033969,0.14882,-0.75766,-0.046646,0.15317,-0.73977,-0.036499,0.15328,-0.77938,0.029688,0.14278,-0.82987
6568,0.50696,-0.023408,-0.86165,-0.17289,0.97655,-0.12825,0.84445,0.21399,0.49103,14.638,-59.502,2.6437,0.09922,-0.49461,-0.043337,0.86234,0.19596,-0.97687,-0.085591,60.838,57.87,82.934,-744.17,0.034087,0.14873,-0.75724,-0.046207,0.15293,-0.73786,-0.03677,0.1529,-0.7777,0.028514,0.14238,-0.8294
6571,0.4883,-0.024783,-0.87232,-0.17526,0.97645,-0.12585,0.85489,0.21433,0.47246,14.915,-60.73,2.9054,0.099246,-0.50391,-0.043901,0.85691,0.19254,-0.97759,-0.085168,62.056,58.526,82.525,-744.58,0.03449,0.14829,-0.75734,-0.04539,0.15259,-0.73624,-0.036806,0.15242,-0.7763,0.027403,0.14191,-0.82932
6575,0.46735,-0.026548,-0.88368,-0.17698,0.97651,-0.12294,0.86618,0.21385,0.45167,15.226,-62.089,3.2513,0.098959,-0.51417,-0.044202,0.85081,0.18832,-0.9785,-0.08412,63.4,59.67,82.072,-744.73,0.035421,0.14787,-0.7569,-0.043905,0.15226,-0.7339,-0.036315,0.1521,-0.77417,0.026556,0.14135,-0.82875
6578,0.44354,-0.028729,-0.89579,-0.17905,0.9765,-0.11997,0.87819,0.21361,0.42797,15.66,-63.611,3.706,0.098832,-0.52559,-0.044537,0.8438,0.18416,-0.97939,-0.08299,64.912,61.565,81.745,-744.9,0.037074,0.14754,-0.75658,-0.041607,0.15209,-0.73148,-0.035075,0.15182,-0.77193,0.026231,0.14093,-0.82816
6580,0.42901,-0.03296,-0.9027,-0.17917,0.97637,-0.1208,0.88535,0.21356,0.41297,16.305,-64.515,4.3933,0.099582,-0.53254,-0.043545,0.8394,0.18322,-0.9798,-0.080117,65.847,62.446,81.531,-745.31,0.03788,0.1473,-0.75695,-0.040378,0.15214,-0.73059,-0.034492,0.15162,-0.77119,0.025885,0.1405,-0.82835
6583,0.41011,-0.035117,-0.91136,-0.17809,0.97694,-0.11778,0.89448,0.21061,0.3944,16.628,-65.694,4.8942,0.098453,-0.54139,-0.042864,0.83388,0.17838,-0.98089,-0.07766,67.0,63.451,81.11,-745.93,0.038898,0.14698,-0.75702,-0.038801,0.15209,-0.72905,-0.033759,0.15158,-0.76975,0.025475,0.14013,-0.82813
6586,0.39383,-0.033016,-0.91859,-0.18071,0.97707,-0.11259,0.90124,0.21034,0.37883,16.552,-66.721,4.792,0.097372,-0.54873,-0.044533,0.82912,0.17417,-0.98149,-0.079655,67.984,64.503,80.796,-746.33,0.039732,0.1467,-0.75676,-0.037414,0.15166,-0.72744,-0.033134,0.15131,-0.76815,0.02498,0.13993,-0.82761
6588,0.38117,-0.035773,-0.92381,-0.18144,0.97692,-0.11269,0.90653,0.21057,0.36588,17.119,-67.49,5.3616,0.09793,-0.5545,-0.044128,0.82522,0.17339,-0.98175,-0.078129,68.778,65.12,80.661,-746.4,0.040241,0.14653,-0.75681,-0.036515,0.15168,-0.7264,-0.032747,0.15113,-0.76724,0.024537,0.13966,-0.82747
6590,0.36941,-0.038919,-0.92845,-0.18083,0.97701,-0.1129,0.9115,0.2096,0.35388,17.695,-68.195,6.0143,0.09813,-0.55985,-0.04318,0.82163,0.17215,-0.98215,-0.075752,69.504,65.723,80.353,-746.61,0.040831,0.14622,-0.75698,-0.035507,0.15165,-0.72561,-0.03224,0.15091,-0.76653,0.024253,0.13927,-0.82743
6593,0.35282,-0.041574,-0.93477,-0.17488,0.97848,-0.10952,0.91921,0.20211,0.33795,17.956,-69.191,6.7204,0.095372,-0.56739,-0.040796,0.81689,0.16535,-0.9837,-0.070729,70.45,66.803,79.53,-747.13,0.042276,0.1456,-0.75703,-0.033494,0.15164,-0.72434,-0.030966,0.1509,-0.76526,0.024435,0.1388,-0.82716
6596,0.33924,-0.043635,-0.93969,-0.17741,0.97803,-0.10946,0.92382,0.20384,0.32405,18.665,-69.999,7.3295,0.096389,-0.57331,-0.041156,0.81261,0.16539,-0.9837,-0.070616,71.297,68.163,79.404,-747.46,0.043444,0.14545,-0.75706,-0.031764,0.15145,-0.72329,-0.029847,0.15068,-0.76428,0.02451,0.13839,-0.82695
6599,0.32228,-0.043767,-0.94563,-0.17337,0.97931,-0.10441,0.93063,0.19759,0.30803,18.725,-71.02,7.7335,0.093474,-0.58073,-0.040113,0.80772,0.15855,-0.985,-0.068038,72.253,69.026,78.754,-748.33,0.044552,0.14497,-0.75735,-0.030068,0.15136,-0.72227,-0.028911,0.15068,-0.76319,0.024358,0.13816,-0.82683
6601,0.31,-0.046588,-0.94959,-0.17146,0.97968,-0.10404,0.93515,0.19507,0.29572,19.383,-71.731,8.5465,0.093012,-0.58608,-0.038831,0.80396,0.15641,-0.98553,-0.065297,72.98,69.847,78.612,-748.56,0.045454,0.14487,-0.75749,-0.028704,0.15161,-0.72143,-0.028019,0.15078,-0.76246,0.024391,0.13806,-0.82673
6604,0.29045,-0.048252,-0.95567,-0.16802,0.98064,-0.10058,0.94202,0.18979,0.27672,19.975,-72.877,9.4325,0.090955,-0.59445,-0.037517,0.79809,0.15095,-0.98658,-0.062265,74.103,70.771,77.988,-749.25,0.046567,0.14438,-0.75772,-0.026827,0.15154,-0.72018,-0.026981,0.15068,-0.76118,0.024047,0.13771,-0.82648
6605,0.28541,-0.052387,-0.95697,-0.16771,0.98037,-0.10369,0.94362,0.19008,0.27103,20.935,-73.131,10.401,0.092221,-0.59664,-0.036201,0.79637,0.15248,-0.98649,-0.059855,74.431,70.969,78.018,-748.93,0.046726,0.14435,-0.75777,-0.026492,0.15181,-0.71985,-0.026846,0.15064,-0.76087,0.023891,0.13754,-0.82643
6609,0.26728,-0.050169,-0.96231,-0.16524,0.98147,-0.09706,0.94935,0.18495,0.25403,20.911,-74.22,10.631,0.08913,-0.60418,-0.036367,0.79101,0.14568,-0.98754,-0.059442,75.44,71.862,77.301,-749.98,0.047887,0.14388,-0.75759,-0.024499,0.15133,-0.71831,-0.025641,0.15066,-0.75933,0.023714,0.13711,-0.82587
6610,0.26278,-0.054499,-0.96331,-0.16881,0.98041,-0.10152,0.94997,0.1893,0.24844,22.226,-74.432,11.717,0.092117,-0.60605,-0.036209,0.78924,0.15001,-0.98692,-0.058965,75.77,72.521,77.626,-749.17,0.048171,0.14398,-0.7575,-0.024023,0.15159,-0.71789,-0.025339,0.15037,-0.75896,0.023675,0.13705,-0.82572
6613,0.24889,-0.050465,-0.96722,-0.16225,0.98236,-0.093007,0.95484,0.18008,0.23631,21.483,-75.288,11.462,0.086924,-0.61179,-0.035582,0.78542,0.14044,-0.98842,-0.057487,76.48,72.725,76.666,-749.58,0.048781,0.14325,-0.75724,-0.022873,0.15122,-0.71656,-0.024777,0.15022,-0.75759,0.023286,0.137,-0.82508
6615,0.24218,-0.046139,-0.96913,-0.16191,0.98294,-0.087255,0.95663,0.17804,0.23057,20.728,-75.728,10.787,0.084648,-0.61445,-0.036938,0.78353,0.13623,-0.98889,-0.059448,76.83,72.873,76.345,-750.13,0.049023,0.14305,-0.75703,-0.022332,0.15079,-0.71583,-0.024559,0.15018,-0.75684,0.023033,0.13698,-0.82465
6618,0.23122,-0.050598,-0.97158,-0.16135,0.98282,-0.089582,0.95943,0.17748,0.21908,22.239,-76.309,12.343,0.085605,-0.61897,-0.035502,0.77992,0.13678,-0.98898,-0.056723,77.493,73.298,76.173,-749.63,0.049393,0.14282,-0.75683,-0.021521,0.15096,-0.71486,-0.024168,0.14999,-0.75582,0.022722,0.13667,-0.82416
6623,0.21234,-0.045933,-0.97612,-0.16318,0.9832,-0.081764,0.96347,0.17665,0.20128,22.108,-77.452,12.206,0.083457,-0.62642,-0.037867,0.77408,0.13183,-0.98947,-0.059814,78.556,74.163,75.712,-750.28,0.050198,0.14244,-0.75643,-0.019806,0.15026,-0.7131,-0.023259,0.14966,-0.75398,0.022215,0.13646,-0.82323
6625,0.20468,-0.048798,-0.97761,-0.16036,0.98359,-0.082669,0.96561,0.17369,0.19349,23.134,-77.853,13.41,0.083055,-0.62957,-0.036143,0.77165,0.13058,-0.98981,-0.056823,78.996,74.508,75.453,-749.89,0.050627,0.14219,-0.75633,-0.019067,0.15047,-0.71243,-0.022768,0.14957,-0.75333,0.022182,0.13634,-0.82293
6628,0.19293,-0.048422,-0.98002,-0.15965,0.98392,-0.080045,0.96814,0.1719,0.1821,23.729,-78.526,14.089,0.08202,-0.63421,-0.03621,0.76794,0.12805,-0.99015,-0.056533,79.661,74.879,75.096,-750.32,0.05106,0.14189,-0.75635,-0.018133,0.15023,-0.71158,-0.022346,0.14942,-0.75249,0.021754,0.1361,-0.82262
6632,0.17854,-0.048143,-0.98275,-0.16141,0.98384,-0.07752,0.9706,0.17246,0.16789,24.785,-79.343,15.091,0.08188,-0.63981,-0.037098,0.76326,0.12673,-0.99027,-0.05742,80.495,75.86,74.975,-750.83,0.051917,0.14176,-0.75649,-0.016605,0.15005,-0.71074,-0.021471,0.14925,-0.75152,0.021603,0.13596,-0.82231
6634,0.17102,-0.048465,-0.98408,-0.15948,0.98426,-0.07619,0.97227,0.16997,0.1606,25.381,-79.761,15.822,0.080879,-0.64278,-0.036476,0.7609,0.12465,-0.99061,-0.056215,80.913,76.35,74.684,-751.21,0.052564,0.14155,-0.75661,-0.01555,0.14997,-0.71037,-0.020703,0.14924,-0.75109,0.021816,0.13578,-0.82221
6637,0.1642,-0.049832,-0.98517,-0.15611,0.98482,-0.075834,0.974,0.16624,0.15393,26.227,-80.119,16.882,0.079759,-0.6455,-0.035015,0.75877,0.12245,-0.99102,-0.053758,81.287,77.058,74.209,-751.5,0.053466,0.14114,-0.75688,-0.014355,0.14991,-0.71016,-0.019747,0.1491,-0.75086,0.022231,0.13551,-0.82225
6641,0.15656,-0.049983,-0.9864,-0.15568,0.98498,-0.07462,0.97532,0.16525,0.14643,27.004,-80.541,17.706,0.079289,-0.64846,-0.034939,0.7563,0.1212,-0.99119,-0.053405,81.722,77.484,73.989,-751.07,0.05394,0.14096,-0.75621,-0.013528,0.14977,-0.70892,-0.019269,0.14902,-0.74967,0.022208,0.13532,-0.82137
6647,0.1486,-0.043828,-0.98793,-0.15738,0.98524,-0.067381,0.97629,0.1655,0.13951,25.78,-81.087,16.433,0.077226,-0.65137,-0.037657,0.75388,0.11754,-0.99141,-0.057315,82.145,78.109,73.464,-750.03,0.054453,0.14044,-0.75455,-0.012574,0.14888,-0.7067,-0.018693,0.14837,-0.7474,0.02215,0.13516,-0.81946
6652,0.143,-0.044347,-0.98873,-0.15809,0.98514,-0.067051,0.97701,0.1659,0.13386,26.606,-81.389,17.23,0.077444,-0.65351,-0.037815,0.752,0.11749,-0.99142,-0.057368,82.472,77.981,73.162,-749.06,0.054266,0.14012,-0.75353,-0.012515,0.14858,-0.70532,-0.01884,0.14803,-0.7459,0.02155,0.1348,-0.81838
6671,0.13095,-0.042092,-0.99049,-0.15735,0.98555,-0.062685,0.97882,0.16406,0.12244,27.112,-82.094,17.819,0.075769,-0.65806,-0.038513,0.74815,0.11419,-0.99176,-0.058044,83.139,78.341,72.685,-748.89,0.054617,0.13966,-0.75304,-0.011583,0.14815,-0.70398,-0.018339,0.14761,-0.74454,0.021123,0.13465,-0.81744
6673,0.13038,-0.044096,-0.99048,-0.15783,0.98535,-0.064644,0.97882,0.16476,0.12151,28.013,-82.089,18.686,0.076685,-0.6583,-0.03802,0.74787,0.11552,-0.99165,-0.057273,83.187,78.261,72.643,-749.34,0.05456,0.13962,-0.75348,-0.011604,0.14814,-0.70439,-0.018397,0.1476,-0.74497,0.021047,0.13438,-0.81788
6693,0.12865,-0.046052,-0.99062,-0.15742,0.98531,-0.06625,0.97912,0.16447,0.11951,29.001,-82.146,19.695,0.077191,-0.659,-0.037261,0.74724,0.11615,-0.99165,-0.056069,83.296,78.167,72.568,-749.37,0.054438,0.13953,-0.75373,-0.011643,0.14822,-0.70452,-0.018523,0.14752,-0.74513,0.02082,0.13426,-0.81806
6717,0.15058,-0.042867,-0.98767,-0.15192,0.98619,-0.065964,0.97685,0.15998,0.14199,24.918,-80.993,15.89,0.074838,-0.6507,-0.036121,0.75478,0.11409,-0.99194,-0.055065,81.988,78.324,72.427,-747.57,0.055008,0.13952,-0.7521,-0.012108,0.14827,-0.70437,-0.018041,0.1478,-0.74509,0.022881,0.13457,-0.81711
6718,0.15415,-0.041291,-0.98719,-0.15164,0.9863,-0.064932,0.97634,0.15971,0.14577,24.01,-80.818,14.996,0.074284,-0.6493,-0.036491,0.75601,0.11349,-0.99197,-0.055749,81.772,78.381,72.419,-747.33,0.055119,0.13954,-0.75176,-0.012144,0.14818,-0.70428,-0.017944,0.14784,-0.74499,0.023203,0.13464,-0.81688
6723,0.17193,-0.044893,-0.98409,-0.14983,0.98615,-0.071163,0.97365,0.15968,0.16282,23.609,-79.765,14.634,0.075763,-0.64253,-0.03444,0.76172,0.11694,-0.99172,-0.053156,80.767,78.051,72.495,-746.09,0.054968,0.13964,-0.75103,-0.013129,0.14843,-0.70482,-0.018232,0.14805,-0.74559,0.024219,0.13444,-0.81678
6725,0.17884,-0.043522,-0.98291,-0.15034,0.98608,-0.071017,0.97232,0.16048,0.16981,22.695,-79.394,13.677,0.075752,-0.63981,-0.034956,0.76399,0.1174,-0.99161,-0.054176,80.365,78.028,72.669,-744.97,0.05482,0.13974,-0.75024,-0.013611,0.1485,-0.70447,-0.018433,0.148,-0.74533,0.02452,0.13474,-0.81623
6726,0.18403,-0.041823,-0.98203,-0.1508,0.98606,-0.070254,0.97128,0.16102,0.17515,21.856,-79.122,12.804,0.07551,-0.63775,-0.035581,0.76571,0.1174,-0.99154,-0.05532,80.06,77.927,72.803,-744.56,0.054683,0.13986,-0.74986,-0.013995,0.1485,-0.70444,-0.01861,0.14805,-0.74533,0.024733,0.13495,-0.816
6728,0.19761,-0.042832,-0.97934,-0.14947,0.98605,-0.073284,0.96882,0.16086,0.18845,21.25,-78.335,12.23,0.076014,-0.63245,-0.034619,0.77008,0.11915,-0.99139,-0.054266,79.278,77.371,73.024,-743.67,0.054194,0.14007,-0.74947,-0.015114,0.1488,-0.70504,-0.019184,0.14825,-0.74591,0.025179,0.13517,-0.81596
6729,0.20502,-0.042162,-0.97785,-0.14625,0.98654,-0.073201,0.96777,0.15802,0.19609,20.47,-77.918,11.621,0.074819,-0.62957,-0.033682,0.7726,0.11785,-0.99161,-0.053051,78.824,76.741,72.994,-743.55,0.053819,0.14012,-0.74936,-0.015806,0.14896,-0.70547,-0.019578,0.14853,-0.74633,0.025339,0.13533,-0.81602
6730,0.21429,-0.040064,-0.97595,-0.14548,0.9867,-0.07245,0.96587,0.15751,0.20561,19.41,-77.408,10.59,0.074116,-0.62586,-0.033977,0.77566,0.11743,-0.99162,-0.053833,78.27,76.269,73.026,-743.35,0.053429,0.14018,-0.74917,-0.016635,0.14891,-0.70592,-0.019962,0.14861,-0.74679,0.025525,0.13551,-0.81603
6733,0.24401,-0.044771,-0.96874,-0.14427,0.98614,-0.081915,0.95898,0.15975,0.23416,19.281,-75.636,10.397,0.076973,-0.614,-0.031693,0.78491,0.12423,-0.99093,-0.05115,76.576,74.988,73.464,-741.22,0.052215,0.14053,-0.74823,-0.019171,0.14945,-0.70713,-0.021266,0.14883,-0.7482,0.026375,0.13557,-0.81603
6734,0.25452,-0.043461,-0.96609,-0.14679,0.98568,-0.083015,0.95586,0.16294,0.2445,18.754,-75.036,9.6901,0.078017,-0.60964,-0.032776,0.78815,0.12676,-0.9905,-0.053252,75.975,74.458,73.781,-740.9,0.051603,0.14082,-0.74787,-0.020176,0.14938,-0.70761,-0.021889,0.14895,-0.74858,0.026426,0.13565,-0.81597
6736,0.26952,-0.041665,-0.96209,-0.14878,0.98527,-0.084346,0.95143,0.16587,0.25935,18.016,-74.174,8.7878,0.078902,-0.60341,-0.033776,0.7928,0.12946,-0.99004,-0.055418,75.104,73.427,74.015,-740.06,0.050457,0.14098,-0.74733,-0.021945,0.14927,-0.70817,-0.022941,0.14885,-0.74917,0.026384,0.1358,-0.81578
6740,0.28418,-0.039452,-0.95796,-0.1476,0.98544,-0.084369,0.94734,0.16537,0.27422,17.102,-73.327,7.9037,0.078291,-0.59729,-0.033903,0.79747,0.12976,-0.98995,-0.056191,74.221,71.975,74.127,-739.35,0.049133,0.14113,-0.74671,-0.023928,0.14929,-0.70861,-0.024322,0.14904,-0.74966,0.026125,0.13605,-0.8155
6741,0.29144,-0.036649,-0.95589,-0.14589,0.98587,-0.08228,0.9454,0.16344,0.28197,16.267,-72.918,7.1674,0.076798,-0.59423,-0.034144,0.79989,0.12796,-0.99015,-0.056893,73.761,71.338,73.88,-739.13,0.048621,0.14093,-0.74646,-0.024698,0.14905,-0.70889,-0.024778,0.14892,-0.74996,0.026137,0.13611,-0.81541
6745,0.31095,-0.035191,-0.94977,-0.14465,0.98592,-0.083887,0.93935,0.16347,0.30149,15.549,-71.764,6.4567,0.076725,-0.58598,-0.033951,0.80597,0.12961,-0.9899,-0.057355,72.592,70.29,74.127,-737.73,0.047683,0.14116,-0.74549,-0.026365,0.14922,-0.70943,-0.025592,0.14911,-0.75048,0.026654,0.13646,-0.81491
6746,0.32361,-0.032545,-0.94563,-0.14349,0.98616,-0.083045,0.93525,0.16256,0.31446,14.793,-71.02,5.7428,0.075807,-0.58054,-0.034243,0.80997,0.12926,-0.98989,-0.058389,71.813,69.62,74.233,-736.85,0.047093,0.14127,-0.74488,-0.027422,0.14927,-0.7098,-0.026162,0.14919,-0.7508,0.026952,0.13684,-0.81456
6748,0.33887,-0.032539,-0.94027,-0.14061,0.98643,-0.08481,0.93027,0.16095,0.32969,14.426,-70.097,5.4848,0.075414,-0.57399,-0.033162,0.81471,0.13005,-0.98986,-0.057189,70.883,69.094,74.434,-735.64,0.04677,0.14147,-0.74418,-0.028321,0.14964,-0.71029,-0.026386,0.14946,-0.75129,0.027818,0.13723,-0.81409
6750,0.35698,-0.031996,-0.93357,-0.13709,0.9868,-0.086241,0.924,0.15877,0.34788,13.923,-68.998,5.1218,0.07467,-0.56611,-0.032029,0.82031,0.13056,-0.98986,-0.056003,69.768,68.605,74.392,-734.93,0.046626,0.14154,-0.7435,-0.0291,0.1497,-0.71107,-0.026374,0.14977,-0.75202,0.028933,0.13724,-0.81386
6752,0.37674,-0.028962,-0.92587,-0.13301,0.98746,-0.085011,0.91672,0.15518,0.36816,13.002,-67.8,4.3961,0.072652,-0.55735,-0.031473,0.82649,0.12906,-0.99006,-0.055907,68.52,68.081,74.468,-733.84,0.046418,0.14167,-0.74275,-0.029908,0.14992,-0.71192,-0.026363,0.15006,-0.75279,0.030201,0.13781,-0.81344
6754,0.39629,-0.031524,-0.91758,-0.12706,0.98791,-0.088814,0.90929,0.15178,0.38749,12.909,-66.575,4.5481,0.072258,-0.54866,-0.028692,0.83242,0.1304,-0.99011,-0.051777,67.304,67.243,74.467,-732.53,0.046064,0.14176,-0.74192,-0.030935,0.15035,-0.71273,-0.026463,0.15045,-0.75348,0.031418,0.13784,-0.81298
6755,0.40849,-0.027132,-0.91236,-0.1241,0.98863,-0.084964,0.90429,0.14793,0.40048,11.978,-65.834,3.8001,0.069621,-0.54306,-0.028988,0.8363,0.12698,-0.99049,-0.052871,66.497,66.681,74.382,-732.14,0.045761,0.14179,-0.74132,-0.031599,0.15032,-0.71313,-0.026575,0.15071,-0.75381,0.032091,0.13822,-0.81255
6756,0.42165,-0.021967,-0.90649,-0.1272,0.98839,-0.083117,0.89779,0.15035,0.41396,11.353,-65.025,2.9823,0.069464,-0.53684,-0.031309,0.84024,0.12811,-0.99008,-0.057743,65.669,66.521,74.7,-731.51,0.045451,0.14207,-0.74057,-0.032236,0.1501,-0.71347,-0.02668,0.15077,-0.7541,0.032771,0.13863,-0.81203
6758,0.44545,-0.025429,-0.89495,-0.12112,0.9887,-0.088379,0.88708,0.14776,0.43733,11.425,-63.502,3.2672,0.069678,-0.52581,-0.028235,0.84727,0.13118,-0.98993,-0.053158,64.168,65.502,74.701,-729.27,0.044916,0.14207,-0.7394,-0.033493,0.15058,-0.71436,-0.026792,0.15091,-0.75486,0.034172,0.13874,-0.81117
6759,0.46792,-0.021751,-0.8835,-0.1198,0.98891,-0.087797,0.87561,0.14693,0.46012,10.803,-62.068,2.6615,0.068717,-0.51499,-0.028706,0.85395,0.13206,-0.98971,-0.055166,62.711,64.83,74.748,-728.75,0.044463,0.14221,-0.73871,-0.034563,0.15041,-0.71566,-0.02687,0.15117,-0.75589,0.035482,0.13889,-0.81067
6760,0.48801,-0.025792,-0.87246,-0.1154,0.98888,-0.09378,0.86518,0.14644,0.47961,11.064,-60.746,3.0254,0.069855,-0.50529,-0.026056,0.85972,0.13677,-0.98929,-0.051014,61.429,63.948,74.868,-726.98,0.043965,0.14227,-0.73804,-0.035572,0.15088,-0.71681,-0.026954,0.15122,-0.75693,0.036583,0.13897,-0.81025
6762,0.50665,-0.022361,-0.86186,-0.11445,0.98907,-0.092943,0.85452,0.14573,0.49855,10.56,-59.526,2.5271,0.068965,-0.49595,-0.02661,0.8652,0.13754,-0.98907,-0.053068,60.189,63.182,75.068,-725.64,0.043371,0.14245,-0.73714,-0.036602,0.15098,-0.7176,-0.027114,0.15132,-0.75748,0.037557,0.13951,-0.80947
6764,0.5232,-0.019428,-0.85199,-0.11125,0.98963,-0.090888,0.84491,0.14234,0.51562,9.9969,-58.428,2.1265,0.06701,-0.48755,-0.026383,0.87012,0.13597,-0.98927,-0.053534,59.054,62.268,74.937,-724.87,0.042767,0.14248,-0.73599,-0.037527,0.15087,-0.71799,-0.027264,0.15167,-0.75762,0.038391,0.13959,-0.80838
6766,0.53777,-0.019207,-0.84287,-0.10507,0.99042,-0.089603,0.83652,0.13674,0.5306,9.5852,-57.445,2.0455,0.06471,-0.48012,-0.024546,0.87447,0.1334,-0.98977,-0.050602,58.035,61.237,74.851,-723.54,0.04226,0.14245,-0.73517,-0.038368,0.15131,-0.71851,-0.027394,0.15193,-0.75802,0.039117,0.14003,-0.80763
6768,0.55414,-0.014091,-0.8323,-0.10594,0.99053,-0.087302,0.82565,0.13655,0.5474,9.0614,-56.336,1.4566,0.063651,-0.47143,-0.026116,0.87922,0.1336,-0.98952,-0.054816,56.904,60.59,75.051,-723.26,0.041648,0.1427,-0.73468,-0.0393,0.15118,-0.71957,-0.02759,0.15218,-0.75881,0.039876,0.14044,-0.80719
6770,0.57148,-0.015173,-0.82047,-0.10327,0.99055,-0.090247,0.81409,0.1363,0.56452,9.0828,-55.132,1.5208,0.064062,-0.46221,-0.024911,0.8841,0.13709,-0.98912,-0.053309,55.717,59.633,75.288,-722.24,0.040992,0.14294,-0.7341,-0.040272,0.1515,-0.7207,-0.027732,0.15247,-0.75969,0.040789,0.14062,-0.8066
6772,0.59163,-0.01502,-0.80607,-0.10037,0.99067,-0.092132,0.79994,0.13542,0.58461,8.9559,-53.714,1.4542,0.063933,-0.45123,-0.023982,0.88979,0.14009,-0.98874,-0.052549,54.306,58.554,75.534,-720.4,0.040297,0.14314,-0.73309,-0.041208,0.15188,-0.72168,-0.02771,0.1526,-0.76039,0.04197,0.14109,-0.80557
6774,0.61364,-0.0092955,-0.78953,-0.098231,0.99126,-0.088017,0.78345,0.13157,0.60737,8.2457,-52.142,0.86786,0.061258,-0.43882,-0.024811,0.89614,0.13804,-0.98885,-0.055909,52.689,57.735,75.356,-719.77,0.039715,0.14315,-0.73181,-0.04206,0.15155,-0.72264,-0.027528,0.15298,-0.76087,0.043239,0.14123,-0.80431
6776,0.63382,-0.010636,-0.77341,-0.093558,0.99151,-0.090307,0.7678,0.1296,0.62744,8.1903,-50.661,0.96135,0.060964,-0.42727,-0.022989,0.90177,0.14105,-0.98857,-0.053189,51.216,56.704,75.467,-717.83,0.039265,0.14321,-0.73095,-0.04273,0.15203,-0.72386,-0.027188,0.15302,-0.76177,0.04476,0.14165,-0.8032
6777,0.65518,-0.014739,-0.75533,-0.089099,0.99132,-0.09663,0.7502,0.13061,0.64819,8.4791,-49.054,1.2887,0.062596,-0.41472,-0.020483,0.90756,0.14907,-0.98762,-0.04878,49.658,55.499,75.708,-716.76,0.038542,0.14345,-0.73051,-0.043604,0.1524,-0.72575,-0.027031,0.15329,-0.76324,0.046009,0.14154,-0.80268
6778,0.66751,-0.010588,-0.74453,-0.09095,0.99125,-0.095638,0.73903,0.13155,0.6607,8.2364,-48.119,0.90878,0.062349,-0.40714,-0.022054,0.91097,0.15116,-0.98706,-0.053467,48.721,55.004,75.936,-716.31,0.038077,0.14362,-0.73036,-0.044118,0.15234,-0.72692,-0.026957,0.15327,-0.7641,0.046707,0.14203,-0.80233
6780,0.69037,-0.011973,-0.72336,-0.085115,0.99157,-0.097646,0.71843,0.12898,0.68354,8.1299,-46.332,0.99357,0.061767,-0.39296,-0.019935,0.91726,0.15508,-0.98663,-0.050052,46.942,53.53,75.862,-715.68,0.037181,0.14365,-0.72993,-0.045073,0.15251,-0.72907,-0.026792,0.15359,-0.76568,0.048016,0.14193,-0.80168
6782,0.70987,-0.0095354,-0.70427,-0.079379,0.99245,-0.093448,0.69984,0.12224,0.70376,7.5637,-44.77,0.76958,0.058434,-0.3804,-0.018922,0.92278,0.15165,-0.98721,-0.049106,45.328,51.782,75.707,-714.7,0.036143,0.14358,-0.72935,-0.046144,0.15285,-0.73067,-0.026804,0.15384,-0.76678,0.049013,0.14251,-0.80059
6784,0.7282,-0.0041909,-0.68535,-0.082319,0.99221,-0.093532,0.6804,0.12453,0.72218,7.3795,-43.263,0.32974,0.058763,-0.36805,-0.021054,0.92771,0.15741,-0.98592,-0.056399,43.839,50.824,76.012,-714.3,0.035035,0.14391,-0.72864,-0.047157,0.15253,-0.73213,-0.026921,0.15408,-0.76763,0.049775,0.14272,-0.79953
6786,0.74263,-0.0076796,-0.66966,-0.076007,0.99251,-0.095671,0.66538,0.12195,0.73648,7.4014,-42.041,0.59248,0.058398,-0.35826,-0.018336,0.93161,0.16068,-0.98572,-0.050449,42.625,49.482,75.912,-713.4,0.034335,0.14385,-0.72823,-0.047785,0.15287,-0.73347,-0.026751,0.15424,-0.76856,0.050577,0.14264,-0.79884
6788,0.75671,-0.0064994,-0.65372,-0.071678,0.9931,-0.092843,0.64981,0.11711,0.75102,7.0473,-40.823,0.49211,0.056106,-0.34834,-0.017418,0.93552,0.15882,-0.98608,-0.049305,41.374,48.274,75.849,-712.86,0.033651,0.14387,-0.72784,-0.048312,0.15316,-0.7348,-0.026571,0.15454,-0.7694,0.051365,0.14301,-0.79809
6790,0.77031,-0.0060708,-0.63764,-0.06991,0.99312,-0.093912,0.63382,0.11692,0.76459,7.0024,-39.616,0.45154,0.056123,-0.33846,-0.016994,0.93915,0.16338,-0.98532,-0.049473,40.181,47.417,75.957,-712.47,0.032983,0.14403,-0.72741,-0.048798,0.15319,-0.7361,-0.026364,0.1548,-0.77025,0.052197,0.14302,-0.79733
6792,0.78342,-0.0049911,-0.62147,-0.070126,0.99287,-0.096374,0.61752,0.11908,0.77749,7.0661,-38.424,0.36502,0.057146,-0.32862,-0.017276,0.94257,0.1711,-0.9839,-0.051724,39.023,46.773,76.167,-712.29,0.032298,0.14426,-0.72707,-0.049282,0.15304,-0.7375,-0.026152,0.15502,-0.77109,0.052865,0.14292,-0.79668
6794,0.79416,-0.0032316,-0.6077,-0.064386,0.99391,-0.089427,0.60429,0.11015,0.78912,6.4655,-37.423,0.23315,0.05276,-0.3204,-0.016167,0.94567,0.16228,-0.98549,-0.049726,37.946,45.307,75.554,-712.31,0.031474,0.1438,-0.72702,-0.049952,0.1531,-0.73883,-0.026195,0.15509,-0.77196,0.053295,0.14307,-0.79614
6796,0.80604,-0.0024128,-0.59186,-0.065572,0.99347,-0.09335,0.58822,0.11405,0.80062,6.6505,-36.289,0.17151,0.054655,-0.31097,-0.016644,0.9487,0.17286,-0.98354,-0.05264,36.864,44.219,76.251,-711.45,0.03059,0.14438,-0.72689,-0.050577,0.1535,-0.74028,-0.02616,0.15528,-0.77304,0.053813,0.1437,-0.79551
6798,0.81785,-0.0034779,-0.57543,-0.065275,0.99297,-0.098775,0.57172,0.11834,0.81187,6.9368,-35.13,0.24365,0.057037,-0.30135,-0.016234,0.95167,0.18571,-0.98118,-0.052856,35.773,43.12,76.714,-710.7,0.02975,0.14474,-0.7268,-0.051115,0.1537,-0.74188,-0.026091,0.15532,-0.77409,0.054363,0.14388,-0.79497
6800,0.82967,0.0013447,-0.55825,-0.061144,0.9942,-0.088477,0.55489,0.10754,0.82494,6.1217,-33.935,-0.092865,0.051309,-0.29137,-0.016357,0.95509,0.17316,-0.98335,-0.055202,34.472,41.92,75.847,-711.48,0.028863,0.14413,-0.72671,-0.051708,0.15334,-0.7434,-0.025991,0.15551,-0.77505,0.054879,0.14379,-0.79426
6802,0.84121,-0.00037897,-0.54071,-0.062638,0.9932,-0.098146,0.53707,0.11643,0.83546,6.7001,-32.732,0.025812,0.056005,-0.2813,-0.01625,0.95785,0.19495,-0.97918,-0.056564,33.391,41.117,76.572,-710.55,0.028048,0.14471,-0.72643,-0.05211,0.1534,-0.74486,-0.02573,0.15553,-0.77594,0.055521,0.14377,-0.7935
