frames,r11,r21,r31,r12,r22,r32,r13,r23,r33,roll,pitch,yaw,q1,q2,q3,q4,u1,u2,u3,angle,Sx,Sy,Sz,M1x,M1y,M1z,M2x,M2y,M2z,M3x,M3y,M3z,M4x,M4y,M4z
4509,0.99989,-0.014744,0.0019778,0.0147,0.95894,-0.28322,0.0022792,0.28321,0.95905,16.452,0.11332,0.8448,0.14308,-7.6131e-05,0.0074378,0.98968,0.99865,-0.00053135,0.051912,16.475,7.6077,75.602,-700.05,0.0089972,0.13596,-0.73503,-0.046577,0.13601,-0.79603,-0.007244,0.13432,-0.80682,0.069651,0.12591,-0.77339
4530,0.99983,-0.018556,-0.0019665,0.017077,0.95238,-0.30443,0.007522,0.30434,0.95253,17.724,-0.11267,1.0633,0.15404,-0.0024009,0.0090164,0.98802,0.99817,-0.015558,0.058427,17.755,6.5074,74.598,-718.49,0.0074885,0.13433,-0.75455,-0.048431,0.13303,-0.81542,-0.009161,0.13133,-0.82631,0.067951,0.12281,-0.79334
4686,0.99969,-0.015632,0.01937,0.020451,0.95942,-0.28122,-0.014188,0.28153,0.95945,16.336,1.1099,0.89584,0.14214,0.0084764,0.009114,0.98977,0.99619,0.059405,0.063874,16.407,-6.4118,74.144,-696.79,-0.0046815,0.13467,-0.73148,-0.059241,0.13473,-0.79353,-0.019737,0.13327,-0.80364,0.0566,0.12438,-0.76912
4773,0.99914,-0.020581,0.036013,0.029984,0.95829,-0.28423,-0.028661,0.28506,0.95808,16.524,2.0638,1.1801,0.14385,0.016342,0.012777,0.98938,0.98976,0.11244,0.087912,16.714,-0.38813,74.386,-696.94,0.0021466,0.1348,-0.73177,-0.051369,0.13488,-0.79472,-0.011724,0.13325,-0.80411,0.064,0.12402,-0.76832
4844,0.99921,-0.015502,0.036593,0.024754,0.96312,-0.26794,-0.03109,0.26863,0.96274,15.552,2.0971,0.88881,0.13542,0.017081,0.01016,0.99059,0.9894,0.1248,0.074229,15.733,0.64308,73.434,-688.34,0.0026833,0.13449,-0.72205,-0.050807,0.13527,-0.78505,-0.011065,0.13415,-0.79431,0.064603,0.12458,-0.75861
4868,0.99939,-0.011828,0.032723,0.019652,0.96797,-0.25031,-0.028714,0.25081,0.96761,14.504,1.8752,0.67807,0.12631,0.015486,0.0079347,0.99184,0.99064,0.12145,0.062231,14.651,-1.08,72.23,-683.5,0.00058995,0.1339,-0.7161,-0.053125,0.13561,-0.77889,-0.013433,0.13482,-0.78828,0.062394,0.12494,-0.75299
4893,0.99945,-0.02511,0.021623,0.029904,0.96459,-0.26206,-0.014277,0.26256,0.96481,15.196,1.239,1.4392,0.13234,0.0090561,0.013878,0.99107,0.99225,0.067901,0.10405,15.329,2.0898,72.982,-684.37,0.0045481,0.13414,-0.71789,-0.04981,0.13597,-0.78002,-0.010286,0.13428,-0.79006,0.065885,0.1241,-0.75549
4929,0.99966,-0.020385,-0.016128,0.014951,0.95849,-0.28475,0.021263,0.28441,0.95847,16.546,-0.92409,1.1682,0.1438,-0.0094466,0.0089275,0.98952,0.99594,-0.065427,0.061832,16.603,3.5358,74.136,-692.77,0.0042073,0.13458,-0.72763,-0.052495,0.13469,-0.78762,-0.013307,0.13308,-0.79903,0.064087,0.12384,-0.76718
4933,0.99928,-0.018196,-0.033357,0.007821,0.95758,-0.28805,0.037183,0.28758,0.95703,16.751,-1.9116,1.0432,0.14548,-0.017828,0.0065753,0.98918,0.99158,-0.12151,0.044816,16.874,4.2854,74.236,-692.73,0.004324,0.13454,-0.72785,-0.053449,0.13436,-0.78693,-0.014495,0.13273,-0.79905,0.063507,0.12387,-0.76844
4936,0.99833,-0.019603,-0.054263,0.0030825,0.95729,-0.28912,0.057613,0.28848,0.95575,16.831,-3.1106,1.1249,0.14603,-0.028284,0.0057354,0.98886,0.98102,-0.19002,0.038531,17.121,4.8156,74.352,-693.32,0.0043194,0.13457,-0.72857,-0.054608,0.13448,-0.78633,-0.015924,0.13268,-0.79928,0.062675,0.12388,-0.7703
4940,0.99688,-0.01904,-0.07663,-0.004281,0.95603,-0.29324,0.078844,0.29265,0.95296,17.104,-4.3949,1.0942,0.14823,-0.039334,0.003734,0.98816,0.96626,-0.25641,0.024341,17.648,5.7167,74.479,-693.69,0.004418,0.13453,-0.7292,-0.055838,0.13416,-0.78566,-0.017448,0.1323,-0.79952,0.061774,0.12374,-0.77215
4943,0.99457,-0.023077,-0.1015,-0.0079419,0.95545,-0.29505,0.10379,0.29425,0.95008,17.252,-5.8256,1.3292,0.1492,-0.051975,0.0038318,0.98743,0.94406,-0.32888,0.024246,18.186,7.1156,74.536,-694.32,0.0049769,0.13459,-0.72979,-0.056653,0.13425,-0.78471,-0.018627,0.13237,-0.79948,0.061231,0.12335,-0.77419
4945,0.99025,-0.026602,-0.13672,-0.015526,0.95439,-0.29815,0.13841,0.29737,0.94468,17.516,-7.858,1.5388,0.15098,-0.069755,0.0028082,0.98607,0.90767,-0.41935,0.016882,19.15,8.882,74.524,-694.91,0.0059227,0.13436,-0.7307,-0.057645,0.13414,-0.7834,-0.020151,0.13186,-0.79955,0.060512,0.12299,-0.77685
4947,0.98622,-0.027554,-0.16312,-0.022955,0.9537,-0.29988,0.16383,0.2995,0.93993,17.695,-9.3881,1.6004,0.15215,-0.082994,0.0011673,0.98487,0.87787,-0.47886,0.0067351,19.961,10.755,74.462,-695.61,0.0066179,0.13431,-0.73125,-0.05838,0.13389,-0.7823,-0.021339,0.13177,-0.79933,0.059881,0.1226,-0.77893
4948,0.97877,-0.035091,-0.20192,-0.028491,0.95237,-0.30361,0.20296,0.30292,0.93115,18.059,-11.649,2.0533,0.15431,-0.10301,0.0016793,0.98264,0.83169,-0.55517,0.0090507,21.386,12.57,74.714,-695.72,0.0076808,0.13431,-0.73169,-0.059255,0.13421,-0.78007,-0.022973,0.13152,-0.7987,0.058913,0.12221,-0.78143
4950,0.97326,-0.03728,-0.22667,-0.032425,0.95457,-0.29622,0.22742,0.29564,0.92783,17.706,-13.101,2.1936,0.15071,-0.11563,0.0012362,0.98179,0.79337,-0.6087,0.0065078,21.901,13.953,74.1,-696.55,0.0083292,0.13399,-0.73192,-0.059776,0.13445,-0.77856,-0.023894,0.13181,-0.79802,0.058343,0.12202,-0.78273
4952,0.96644,-0.043516,-0.25319,-0.035933,0.95296,-0.30094,0.25438,0.29994,0.91942,18.124,-14.666,2.5781,0.15334,-0.12953,0.0019351,0.97965,0.7639,-0.64526,0.00964,23.16,15.364,74.284,-696.63,0.0091015,0.13397,-0.73223,-0.060282,0.13452,-0.77698,-0.02498,0.13154,-0.79749,0.057682,0.12147,-0.78449
4955,0.96127,-0.045206,-0.27188,-0.040546,0.95253,-0.30174,0.27261,0.30108,0.9138,18.273,-15.776,2.6925,0.15406,-0.13915,0.0011911,0.97821,0.74209,-0.67028,0.0057372,23.964,16.874,74.379,-696.71,0.0098847,0.13407,-0.73217,-0.060355,0.13458,-0.77557,-0.025472,0.13163,-0.79675,0.057353,0.12133,-0.78537
4958,0.9555,-0.047944,-0.29106,-0.043793,0.95271,-0.3007,0.29171,0.30007,0.90822,18.319,-16.921,2.8725,0.15376,-0.14915,0.0010625,0.97679,0.71777,-0.69626,0.0049598,24.74,18.221,74.286,-696.71,0.010687,0.13401,-0.732,-0.060418,0.13473,-0.774,-0.025955,0.1317,-0.79583,0.057029,0.12114,-0.78606
4961,0.94803,-0.046788,-0.31471,-0.051944,0.9531,-0.29818,0.3139,0.29903,0.90114,18.309,-18.343,2.8254,0.15313,-0.16119,-0.0013221,0.97497,0.68875,-0.72497,-0.0059463,25.692,19.729,74.089,-696.82,0.011383,0.13381,-0.73193,-0.060745,0.13458,-0.77219,-0.026849,0.13152,-0.79477,0.056328,0.12118,-0.78689
4963,0.94207,-0.050174,-0.33165,-0.055089,0.95218,-0.30053,0.33087,0.30139,0.89425,18.576,-19.369,3.0487,0.15462,-0.17019,-0.0012624,0.9732,0.67243,-0.74014,-0.0054898,26.588,20.679,74.204,-696.47,0.01183,0.13383,-0.73163,-0.061002,0.13463,-0.77054,-0.027532,0.1314,-0.79383,0.055783,0.12087,-0.78748
4965,0.93501,-0.05504,-0.35032,-0.057251,0.95149,-0.30229,0.34997,0.3027,0.88651,18.829,-20.507,3.3689,0.15573,-0.18026,-0.00056905,0.97121,0.65374,-0.75671,-0.0023888,27.563,21.607,74.115,-696.21,0.012161,0.13373,-0.73123,-0.061416,0.13465,-0.76865,-0.028431,0.13134,-0.79263,0.054978,0.12027,-0.78816
4967,0.92681,-0.054917,-0.37149,-0.062664,0.95276,-0.29718,0.37027,0.29871,0.87959,18.668,-21.808,3.391,0.15367,-0.19129,-0.0019978,0.96943,0.62626,-0.77957,-0.0081418,28.408,22.278,73.865,-695.84,0.012391,0.1335,-0.7307,-0.06197,0.13482,-0.76641,-0.029525,0.13128,-0.79118,0.053945,0.12049,-0.78835
4969,0.91872,-0.056092,-0.39091,-0.067371,0.95309,-0.2951,0.38912,0.29745,0.87184,18.7,-23.011,3.4938,0.15312,-0.20157,-0.0029146,0.96743,0.60486,-0.79625,-0.011513,29.329,23.209,73.597,-695.35,0.01263,0.1333,-0.72988,-0.062488,0.13473,-0.76403,-0.030558,0.13122,-0.78949,0.052929,0.1202,-0.78851
4971,0.91128,-0.054334,-0.40818,-0.07322,0.95408,-0.29047,0.40522,0.29458,0.86546,18.553,-24.091,3.4122,0.15145,-0.21056,-0.0048888,0.96577,0.5838,-0.81168,-0.018846,30.071,24.305,73.294,-694.95,0.012857,0.13323,-0.72881,-0.062925,0.13462,-0.76159,-0.031455,0.13145,-0.78756,0.051996,0.12012,-0.78835
4973,0.90425,-0.049571,-0.42411,-0.07915,0.95657,-0.28056,0.4196,0.28727,0.86105,18.047,-25.094,3.1378,0.14717,-0.21867,-0.0076662,0.96461,0.55811,-0.82926,-0.029073,30.578,25.219,72.744,-694.45,0.013221,0.13293,-0.72766,-0.063114,0.13456,-0.75918,-0.032139,0.13159,-0.78562,0.051261,0.12052,-0.78773
4976,0.89519,-0.050543,-0.4428,-0.082435,0.95763,-0.27596,0.43799,0.28354,0.8531,17.925,-26.283,3.2315,0.14532,-0.22877,-0.0082834,0.96254,0.53594,-0.8437,-0.030549,31.465,26.373,72.447,-692.89,0.013866,0.13275,-0.72569,-0.063118,0.13469,-0.75562,-0.032716,0.13169,-0.78279,0.050644,0.12044,-0.78672
4979,0.88696,-0.05092,-0.45903,-0.084107,0.95947,-0.26895,0.45412,0.27716,0.84673,17.622,-27.324,3.2857,0.14209,-0.23758,-0.0086346,0.96088,0.51302,-0.85781,-0.031176,32.158,27.378,72.072,-691.23,0.014562,0.13256,-0.72357,-0.062908,0.13498,-0.75207,-0.032997,0.13194,-0.77985,0.050254,0.12056,-0.78534
4982,0.87703,-0.050589,-0.47776,-0.087262,0.96113,-0.26196,0.47244,0.27144,0.83852,17.349,-28.539,3.3013,0.13909,-0.24778,-0.0095629,0.95873,0.48922,-0.87151,-0.033636,33.035,28.797,71.73,-689.86,0.015352,0.13249,-0.72144,-0.062687,0.13518,-0.7483,-0.033377,0.13235,-0.7767,0.049698,0.1206,-0.7841
4984,0.86826,-0.046727,-0.49391,-0.09092,0.96371,-0.251,0.48771,0.26284,0.8325,16.778,-29.598,3.0805,0.13421,-0.25639,-0.011543,0.95714,0.4634,-0.88525,-0.039854,33.671,29.849,71.142,-689.31,0.015927,0.13221,-0.72007,-0.0626,0.13524,-0.74553,-0.033769,0.13265,-0.77436,0.049113,0.12094,-0.78328
4986,0.85808,-0.041378,-0.51184,-0.09703,0.96573,-0.24074,0.50426,0.25624,0.82466,16.274,-30.787,2.7608,0.13009,-0.26598,-0.014568,0.95505,0.43883,-0.89722,-0.049141,34.489,31.091,70.668,-688.87,0.016438,0.13201,-0.71874,-0.0626,0.13513,-0.74258,-0.034353,0.13289,-0.77197,0.048319,0.12129,-0.78258
4988,0.8474,-0.041537,-0.52933,-0.10228,0.96549,-0.2395,0.52101,0.25709,0.81391,16.397,-31.96,2.8062,0.13038,-0.27576,-0.015947,0.95221,0.42684,-0.90282,-0.052209,35.57,32.179,70.533,-687.85,0.016881,0.13185,-0.71745,-0.062611,0.13492,-0.73963,-0.034995,0.13266,-0.76971,0.047485,0.12105,-0.78214
4990,0.83716,-0.036389,-0.54575,-0.10913,0.96661,-0.23186,0.53597,0.25366,0.80523,16.063,-33.076,2.4889,0.12779,-0.2847,-0.019146,0.94987,0.40872,-0.9106,-0.061239,36.438,33.32,70.331,-687.1,0.017384,0.13173,-0.71618,-0.062527,0.13479,-0.7368,-0.035498,0.13268,-0.76744,0.046657,0.12149,-0.78143
4992,0.82667,-0.034059,-0.56166,-0.11208,0.9682,-0.22367,0.55142,0.24785,0.79656,15.684,-34.171,2.3592,0.1244,-0.29367,-0.020584,0.94755,0.38925,-0.91888,-0.064405,37.277,34.395,69.807,-686.84,0.017942,0.13145,-0.7151,-0.062354,0.1347,-0.73421,-0.035893,0.13283,-0.76533,0.045986,0.1215,-0.78098
4994,0.81649,-0.031275,-0.57651,-0.11625,0.96918,-0.21721,0.56553,0.24437,0.78769,15.417,-35.205,2.1936,0.12209,-0.30207,-0.022475,0.94517,0.37384,-0.92494,-0.068819,38.124,35.314,69.433,-686.6,0.018378,0.13118,-0.71434,-0.062266,0.13452,-0.732,-0.03633,0.13276,-0.76356,0.045324,0.12158,-0.78065
4997,0.80349,-0.028468,-0.59464,-0.1229,0.96941,-0.21247,0.5825,0.2438,0.77541,15.323,-36.487,2.0292,0.12111,-0.31246,-0.025064,0.94185,0.3604,-0.92981,-0.074587,39.272,36.517,69.203,-686.51,0.018722,0.13106,-0.71345,-0.062324,0.13417,-0.72934,-0.037103,0.13273,-0.76139,0.044146,0.12145,-0.78054
5000,0.79238,-0.024183,-0.60955,-0.13268,0.96846,-0.2109,0.59543,0.24799,0.76418,15.429,-37.557,1.7481,0.12221,-0.3209,-0.028895,0.93875,0.35464,-0.93124,-0.083852,40.314,37.277,69.498,-685.81,0.018791,0.1311,-0.71289,-0.062541,0.13387,-0.7272,-0.037953,0.13224,-0.75993,0.042937,0.12187,-0.78044
5003,0.78238,-0.020638,-0.62246,-0.13743,0.9691,-0.20486,0.60745,0.24582,0.75536,15.174,-38.496,1.511,0.12033,-0.32839,-0.031182,0.93633,0.34271,-0.93524,-0.088807,41.112,37.777,69.297,-686.4,0.01866,0.13106,-0.71266,-0.062883,0.13366,-0.72568,-0.038858,0.1324,-0.75865,0.041739,0.12195,-0.7806
5007,0.77016,-0.018865,-0.63757,-0.14458,0.96838,-0.2033,0.62124,0.24875,0.74309,15.301,-39.611,1.4032,0.12113,-0.33732,-0.033687,0.93296,0.33649,-0.93702,-0.093577,42.199,38.264,69.423,-686.57,0.018432,0.13109,-0.71252,-0.063345,0.13341,-0.72394,-0.039954,0.13219,-0.75738,0.04021,0.12197,-0.7809
5013,0.75672,-0.016966,-0.65352,-0.14903,0.96886,-0.19772,0.63653,0.24701,0.73063,15.142,-40.807,1.2844,0.11961,-0.34696,-0.035519,0.92954,0.3244,-0.941,-0.096332,43.272,38.851,69.111,-686.63,0.018522,0.1308,-0.71214,-0.06348,0.13318,-0.72184,-0.040778,0.13195,-0.75581,0.03893,0.12196,-0.78087
5017,0.73784,-0.015383,-0.6748,-0.1561,0.96875,-0.19277,0.65668,0.24757,0.71238,15.141,-42.439,1.1943,0.11907,-0.36004,-0.038051,0.92452,0.31242,-0.94468,-0.099839,44.807,39.486,68.995,-687.14,0.018307,0.13069,-0.71192,-0.063963,0.13291,-0.7193,-0.042174,0.13181,-0.75382,0.036848,0.12186,-0.78117
5020,0.72402,-0.014104,-0.68963,-0.16489,0.96727,-0.19289,0.66978,0.25337,0.698,15.448,-43.601,1.116,0.1212,-0.3692,-0.040952,0.9205,0.31018,-0.94488,-0.10481,46.001,39.81,69.273,-687.05,0.01783,0.13076,-0.71166,-0.064547,0.13256,-0.71732,-0.043475,0.13141,-0.75239,0.034978,0.1218,-0.78137
5023,0.71068,-0.0091923,-0.70345,-0.17348,0.96675,-0.1879,0.68179,0.25557,0.68545,15.33,-44.705,0.74105,0.12092,-0.37769,-0.044795,0.91691,0.30297,-0.94637,-0.11224,47.044,40.048,69.32,-687.39,0.017212,0.1308,-0.71121,-0.06525,0.1321,-0.71531,-0.044898,0.13129,-0.75072,0.032948,0.12189,-0.78134
5027,0.69527,-0.0061553,-0.71872,-0.17926,0.96688,-0.18169,0.69604,0.25516,0.67114,15.148,-45.949,0.50724,0.11964,-0.38745,-0.047406,0.91286,0.29304,-0.94902,-0.11612,48.191,40.065,69.152,-687.45,0.016629,0.13064,-0.71068,-0.065949,0.13181,-0.71301,-0.046373,0.13109,-0.74883,0.0308,0.12197,-0.78112
5033,0.68026,-0.0086388,-0.73292,-0.18109,0.96695,-0.17948,0.71024,0.25482,0.65622,15.297,-47.131,0.72757,0.11947,-0.39701,-0.047441,0.90877,0.2863,-0.95137,-0.11369,49.329,39.451,69.013,-686.92,0.015762,0.1304,-0.71016,-0.06686,0.13189,-0.71074,-0.047969,0.13078,-0.74705,0.028576,0.12184,-0.78087
5038,0.66785,-0.0055875,-0.74427,-0.18707,0.96661,-0.17512,0.7204,0.25618,0.64451,15.201,-48.097,0.47935,0.11909,-0.40443,-0.050111,0.9054,0.2805,-0.95257,-0.11803,50.246,39.552,68.994,-687.97,0.015204,0.13043,-0.71038,-0.067395,0.13153,-0.7096,-0.049138,0.13077,-0.74613,0.026852,0.1218,-0.78119
5042,0.65523,-0.0086347,-0.75538,-0.18981,0.96597,-0.17569,0.73119,0.2585,0.6313,15.552,-49.058,0.755,0.12038,-0.41214,-0.05023,0.90174,0.27846,-0.95339,-0.1162,51.226,39.766,69.028,-688.55,0.015066,0.13037,-0.71083,-0.067483,0.13151,-0.70867,-0.049854,0.13058,-0.74548,0.025542,0.12148,-0.78182
5046,0.64222,-0.0099558,-0.76646,-0.19542,0.96475,-0.17627,0.74119,0.26298,0.61763,15.929,-50.037,0.88814,0.12231,-0.41979,-0.05164,0.89786,0.27779,-0.95346,-0.11729,52.244,40.523,69.056,-689.14,0.01527,0.13025,-0.7112,-0.067254,0.13117,-0.70762,-0.050227,0.13016,-0.74475,0.024626,0.12108,-0.78239
5051,0.62739,-0.010903,-0.77863,-0.20056,0.9639,-0.1751,0.75244,0.26602,0.60255,16.204,-51.135,0.99563,0.12342,-0.42836,-0.053063,0.89357,0.27491,-0.95418,-0.1182,53.35,41.564,68.974,-690.48,0.015761,0.13009,-0.7121,-0.066726,0.13083,-0.70697,-0.050413,0.12983,-0.74435,0.023697,0.12067,-0.78343
5055,0.61419,-0.011548,-0.78908,-0.20811,0.96213,-0.17606,0.76123,0.27235,0.58852,16.655,-52.099,1.0772,0.12603,-0.43572,-0.055245,0.8895,0.27582,-0.95358,-0.1209,54.379,42.96,69.375,-692.07,0.016471,0.13033,-0.71335,-0.065875,0.13062,-0.70685,-0.050284,0.12966,-0.74443,0.023093,0.12049,-0.78473
5058,0.60386,-0.016312,-0.79693,-0.21114,0.9608,-0.17965,0.76862,0.27675,0.57674,17.302,-52.838,1.5474,0.12875,-0.44165,-0.054961,0.8862,0.2779,-0.95326,-0.11863,55.201,43.984,69.676,-693.56,0.017171,0.13047,-0.71489,-0.065085,0.13075,-0.70731,-0.04993,0.12955,-0.74509,0.022956,0.12016,-0.78633
5061,0.59611,-0.022991,-0.80258,-0.21465,0.95864,-0.18689,0.77368,0.28368,0.56652,18.257,-53.377,2.2087,0.13318,-0.4461,-0.054241,0.88336,0.28414,-0.95177,-0.11573,55.9,44.824,70.01,-694.92,0.017747,0.13043,-0.71697,-0.064445,0.13079,-0.70854,-0.049613,0.12897,-0.74661,0.022942,0.11971,-0.78823
5066,0.5922,-0.024951,-0.8054,-0.22742,0.95371,-0.19677,0.77303,0.2997,0.55911,19.388,-53.649,2.4126,0.14087,-0.44788,-0.057452,0.88105,0.29782,-0.94686,-0.12146,56.46,45.905,70.633,-698.16,0.017951,0.1305,-0.7206,-0.06419,0.12989,-0.71177,-0.04954,0.12793,-0.74979,0.022877,0.11893,-0.79172
5069,0.59265,-0.029662,-0.80491,-0.23528,0.94936,-0.20822,0.77033,0.31278,0.55566,20.542,-53.602,2.8653,0.14801,-0.44751,-0.058414,0.88001,0.31163,-0.94221,-0.12299,56.713,46.224,71.351,-699.6,0.017793,0.13068,-0.72285,-0.064335,0.12954,-0.71402,-0.049656,0.12717,-0.75207,0.022901,0.11837,-0.79383
5071,0.59507,-0.034367,-0.80294,-0.24325,0.94452,-0.2207,0.76597,0.32665,0.5537,21.732,-53.411,3.3053,0.15561,-0.44602,-0.059382,0.87939,0.32683,-0.93682,-0.12473,56.863,46.66,72.031,-700.99,0.017758,0.1308,-0.72507,-0.064373,0.12903,-0.71642,-0.049585,0.12631,-0.75445,0.023136,0.11762,-0.79604
5075,0.59708,-0.038779,-0.80124,-0.25117,0.93957,-0.23264,0.76185,0.34015,0.55126,22.881,-53.249,3.716,0.16298,-0.44476,-0.060432,0.87862,0.34131,-0.93139,-0.12656,57.047,46.896,72.643,-703.15,0.017528,0.13085,-0.72804,-0.064591,0.12846,-0.71952,-0.049669,0.12538,-0.7575,0.023269,0.11688,-0.79884
5079,0.60038,-0.042603,-0.79858,-0.26022,0.93383,-0.24545,0.7562,0.35517,0.54956,24.067,-52.995,4.0589,0.17101,-0.44269,-0.061961,0.87803,0.35732,-0.92497,-0.12946,57.188,46.97,73.455,-705.1,0.017076,0.13103,-0.73081,-0.065067,0.12788,-0.72254,-0.049992,0.12448,-0.76047,0.023147,0.11619,-0.80155
5084,0.60445,-0.049476,-0.7951,-0.26504,0.92872,-0.25928,0.75126,0.36746,0.54826,25.31,-52.665,4.6793,0.17852,-0.44046,-0.061401,0.8777,0.37253,-0.91913,-0.12813,57.268,46.735,73.959,-707.83,0.016587,0.131,-0.7344,-0.065591,0.12741,-0.72648,-0.050307,0.12363,-0.76429,0.023164,0.11523,-0.80485
5091,0.61163,-0.053791,-0.78931,-0.27026,0.92346,-0.27235,0.74355,0.3799,0.55028,26.332,-52.121,5.0261,0.18567,-0.43633,-0.061618,0.87826,0.38828,-0.91249,-0.12886,57.133,46.652,74.47,-709.52,0.016308,0.13089,-0.73719,-0.065925,0.12679,-0.72991,-0.050227,0.12256,-0.76758,0.023694,0.11448,-0.80736
5099,0.62001,-0.055981,-0.7826,-0.27893,0.91656,-0.28655,0.73334,0.39595,0.55266,27.406,-51.499,5.1593,0.19415,-0.43125,-0.063424,0.87881,0.40689,-0.90376,-0.13292,57.002,45.935,75.009,-711.6,0.01506,0.13091,-0.73972,-0.06708,0.12567,-0.73322,-0.051042,0.12158,-0.77054,0.023405,0.11335,-0.80966
5107,0.62944,-0.054645,-0.77512,-0.29091,0.90841,-0.30028,0.72054,0.4145,0.5559,28.376,-50.816,4.9617,0.20319,-0.42517,-0.067162,0.87945,0.42688,-0.89323,-0.1411,56.847,43.469,76.037,-711.88,0.012021,0.13102,-0.74116,-0.07011,0.12454,-0.73549,-0.053608,0.12017,-0.77261,0.021324,0.11292,-0.8107
5113,0.64104,-0.052037,-0.76574,-0.29986,0.90142,-0.31228,0.70651,0.4298,0.56224,29.049,-49.973,4.6408,0.21058,-0.41777,-0.070323,0.88101,0.4451,-0.88306,-0.14864,56.471,40.925,76.748,-711.74,0.0090996,0.13101,-0.74194,-0.073048,0.12337,-0.73737,-0.055997,0.11892,-0.77422,0.019575,0.11244,-0.81123
5120,0.65204,-0.051835,-0.75641,-0.3061,0.89474,-0.32518,0.69365,0.44356,0.56754,29.811,-49.149,4.5453,0.21781,-0.41084,-0.072039,0.88237,0.46287,-0.8731,-0.1531,56.14,37.587,76.705,-712.87,0.005549,0.13028,-0.74405,-0.076502,0.12173,-0.74051,-0.058766,0.11714,-0.77702,0.017542,0.11126,-0.81284
5126,0.66251,-0.04985,-0.74739,-0.31453,0.88704,-0.33798,0.67981,0.45899,0.572,30.577,-48.365,4.3031,0.22554,-0.4039,-0.074904,0.8834,0.48128,-0.86187,-0.15984,55.89,35.489,77.028,-714.79,0.0030871,0.12986,-0.74685,-0.078851,0.12014,-0.74431,-0.060537,0.11551,-0.78045,0.016314,0.11037,-0.81509
5129,0.67149,-0.05329,-0.7391,-0.31911,0.87939,-0.35332,0.66879,0.4731,0.5735,31.637,-47.655,4.5376,0.23377,-0.39825,-0.075192,0.8838,0.49965,-0.85119,-0.16071,55.793,34.383,77.968,-715.21,0.0018316,0.13006,-0.74831,-0.080024,0.11958,-0.74654,-0.061313,0.11463,-0.78253,0.01589,0.10967,-0.81645
5134,0.68663,-0.048142,-0.72541,-0.32325,0.87353,-0.36395,0.65118,0.48439,0.58423,31.921,-46.503,4.0106,0.23921,-0.38816,-0.077573,0.88662,0.51721,-0.83926,-0.16773,55.097,32.366,78.159,-716.36,-0.0001966,0.12969,-0.75032,-0.08191,0.11815,-0.75013,-0.062453,0.11332,-0.78565,0.015463,0.10916,-0.81795
5138,0.70194,-0.048219,-0.7106,-0.32124,0.86903,-0.37629,0.63567,0.49241,0.59452,32.331,-45.284,3.9297,0.24413,-0.37834,-0.076726,0.88959,0.53448,-0.82832,-0.16798,54.356,30.0,78.198,-716.88,-0.0021267,0.12922,-0.752,-0.083721,0.11722,-0.7534,-0.06337,0.11216,-0.78854,0.015375,0.10857,-0.81901
5141,0.71445,-0.04504,-0.69823,-0.32379,0.86336,-0.387,0.62026,0.50257,0.60225,32.724,-44.285,3.6072,0.24942,-0.36968,-0.078156,0.89164,0.5509,-0.81653,-0.17262,53.841,29.116,78.64,-717.56,-0.003017,0.12923,-0.7533,-0.084466,0.11624,-0.75607,-0.063593,0.1114,-0.7907,0.015607,0.10814,-0.8199
5144,0.72523,-0.046821,-0.68691,-0.32464,0.85656,-0.40114,0.60716,0.51391,0.60601,33.502,-43.386,3.6939,0.25625,-0.3624,-0.077801,0.89272,0.56868,-0.80423,-0.17266,53.566,28.457,78.944,-718.49,-0.0035674,0.12893,-0.75516,-0.084932,0.11521,-0.75902,-0.063538,0.11023,-0.79332,0.016072,0.10714,-0.8214
5147,0.73321,-0.051887,-0.67802,-0.32316,0.85071,-0.41457,0.59831,0.52307,0.60698,34.333,-42.689,4.0479,0.26245,-0.35725,-0.075931,0.89315,0.58355,-0.79434,-0.16883,53.455,27.733,78.809,-719.85,-0.004087,0.12829,-0.75738,-0.085296,0.1142,-0.76199,-0.063475,0.10897,-0.79597,0.016497,0.10577,-0.82315
5152,0.74345,-0.056769,-0.66638,-0.32339,0.84164,-0.43249,0.58541,0.53704,0.60736,35.454,-41.788,4.3666,0.27131,-0.3503,-0.074612,0.89337,0.60383,-0.77962,-0.16606,53.4,26.87,78.988,-721.76,-0.0047988,0.12766,-0.76045,-0.085803,0.11287,-0.76599,-0.063446,0.10731,-0.79963,0.016999,0.10424,-0.82558
5157,0.75513,-0.051641,-0.65353,-0.32514,0.83614,-0.44176,0.56926,0.54608,0.61461,35.708,-40.809,3.9122,0.27586,-0.34147,-0.076376,0.89525,0.61911,-0.76637,-0.17141,52.919,26.195,78.959,-723.82,-0.0054437,0.12725,-0.76301,-0.086255,0.11138,-0.76995,-0.06326,0.10624,-0.80284,0.017599,0.10366,-0.82737
5161,0.76665,-0.052575,-0.63991,-0.32292,0.82985,-0.45505,0.55496,0.55551,0.61922,36.311,-39.785,3.9231,0.28177,-0.33316,-0.075379,0.89662,0.63634,-0.75239,-0.17023,52.565,25.508,79.506,-724.01,-0.0056302,0.12707,-0.76447,-0.086232,0.11074,-0.77261,-0.062676,0.10512,-0.80531,0.018579,0.10323,-0.8283
5165,0.77913,-0.054251,-0.62452,-0.31411,0.82837,-0.46383,0.54249,0.55755,0.62836,36.433,-38.647,3.9831,0.2839,-0.32438,-0.072229,0.89942,0.64954,-0.74215,-0.16526,51.835,25.082,79.265,-724.56,-0.0052584,0.12669,-0.76578,-0.085631,0.11033,-0.77545,-0.061432,0.10461,-0.80766,0.020313,0.10271,-0.82899
5169,0.79015,-0.053418,-0.61058,-0.30847,0.82618,-0.47147,0.52963,0.56087,0.63633,36.535,-37.632,3.8676,0.2862,-0.31611,-0.070709,0.90176,0.66213,-0.73132,-0.16358,51.22,25.036,79.418,-724.53,-0.0048092,0.12672,-0.76626,-0.08497,0.11001,-0.77727,-0.060186,0.1044,-0.80907,0.021888,0.10244,-0.82916
5173,0.80187,-0.049237,-0.59546,-0.30328,0.82513,-0.47664,0.5148,0.5628,0.64671,36.391,-36.546,3.5137,0.28724,-0.30682,-0.070204,0.90467,0.6741,-0.72003,-0.16475,50.442,24.694,79.477,-724.0,-0.0044511,0.12657,-0.76644,-0.084352,0.10957,-0.77905,-0.059026,0.10393,-0.81036,0.023438,0.10267,-0.82871
5177,0.81506,-0.046253,-0.57753,-0.29461,0.82523,-0.48188,0.49888,0.56291,0.65898,36.176,-35.277,3.2479,0.2876,-0.2963,-0.068366,0.90819,0.68713,-0.70793,-0.16334,49.486,24.285,79.273,-723.41,-0.0040603,0.1264,-0.76637,-0.083544,0.10923,-0.78073,-0.057456,0.10374,-0.8115,0.02535,0.10263,-0.82806
5181,0.82601,-0.045245,-0.56183,-0.28486,0.8266,-0.48538,0.48637,0.56097,0.66989,35.926,-34.183,3.1352,0.28702,-0.28753,-0.065729,0.91139,0.69741,-0.69865,-0.15971,48.605,23.932,79.06,-722.92,-0.0035772,0.12633,-0.76626,-0.082722,0.10923,-0.78219,-0.056017,0.10388,-0.81236,0.027194,0.10275,-0.82728
5184,0.83656,-0.042286,-0.54625,-0.27717,0.82736,-0.48852,0.4726,0.56008,0.68041,35.678,-33.11,2.8937,0.2867,-0.27856,-0.06422,0.91438,0.70813,-0.68803,-0.15862,47.766,23.766,79.327,-722.06,-0.0029444,0.12661,-0.76589,-0.081782,0.10945,-0.78334,-0.054453,0.10412,-0.81309,0.028971,0.10338,-0.82627
5186,0.84689,-0.04106,-0.53017,-0.26989,0.82587,-0.49508,0.45818,0.56237,0.68834,35.725,-32.017,2.7757,0.2884,-0.26955,-0.062409,0.91666,0.72161,-0.67446,-0.15616,47.113,23.579,79.553,-721.31,-0.0025088,0.12677,-0.76557,-0.081002,0.1093,-0.78452,-0.053203,0.10411,-0.81376,0.03043,0.10325,-0.82561
5189,0.85819,-0.040343,-0.51174,-0.25933,0.82627,-0.50003,0.44301,0.56183,0.69863,35.592,-30.78,2.6915,0.28866,-0.25954,-0.059528,0.91966,0.73502,-0.66088,-0.15158,46.247,23.008,79.629,-720.12,-0.0020461,0.12682,-0.76501,-0.080114,0.10941,-0.78565,-0.051702,0.10409,-0.81443,0.032188,0.10341,-0.82448
5192,0.8689,-0.033963,-0.49383,-0.2506,0.83016,-0.49803,0.42687,0.55649,0.71281,34.941,-29.592,2.2384,0.28545,-0.24922,-0.058642,0.92356,0.74443,-0.64995,-0.15293,45.095,22.384,79.393,-719.28,-0.0018508,0.12696,-0.76422,-0.079425,0.10953,-0.7867,-0.050342,0.10466,-0.81469,0.033659,0.10427,-0.82277
5195,0.88117,-0.033927,-0.47158,-0.2383,0.82959,-0.50497,0.40835,0.55734,0.72293,34.934,-28.137,2.2049,0.28664,-0.23743,-0.055147,0.92651,0.7618,-0.63102,-0.14656,44.205,21.224,79.484,-717.47,-0.0019178,0.12701,-0.76302,-0.078905,0.10952,-0.78742,-0.049186,0.10457,-0.81489,0.035051,0.10403,-0.82118
5198,0.89122,-0.025465,-0.45285,-0.23086,0.83394,-0.50124,0.39041,0.55126,0.73735,34.207,-26.927,1.6367,0.28281,-0.22659,-0.055191,0.93039,0.77152,-0.61814,-0.15056,43.008,20.251,79.281,-715.95,-0.0019934,0.12712,-0.76162,-0.07832,0.10966,-0.78785,-0.047959,0.10504,-0.81461,0.036344,0.10519,-0.81881
5201,0.90197,-0.024487,-0.4311,-0.21869,0.83497,-0.50497,0.37233,0.54975,0.74777,34.031,-25.538,1.5551,0.2825,-0.2152,-0.052016,0.93337,0.78709,-0.59957,-0.14492,42.068,19.27,79.253,-714.16,-0.0019311,0.12722,-0.76019,-0.077602,0.10979,-0.78827,-0.046624,0.10524,-0.81445,0.037792,0.10522,-0.81681
5204,0.9107,-0.019018,-0.41262,-0.2092,0.84011,-0.50046,0.35616,0.54209,0.76111,33.326,-24.37,1.1963,0.27816,-0.20512,-0.050742,0.93701,0.7963,-0.5872,-0.14526,40.891,18.538,78.97,-712.85,-0.0017323,0.12739,-0.75882,-0.076751,0.11021,-0.78865,-0.045164,0.106,-0.81404,0.039189,0.10621,-0.81446
5207,0.9197,-0.01634,-0.39229,-0.19985,0.84054,-0.50354,0.33796,0.5415,0.76978,33.19,-23.097,1.0178,0.27811,-0.19434,-0.048836,0.93942,0.81134,-0.56695,-0.14247,40.092,17.66,79.105,-711.17,-0.0016802,0.12756,-0.75751,-0.076032,0.11026,-0.78905,-0.043949,0.10612,-0.81385,0.040489,0.10642,-0.81261
5209,0.92664,-0.01184,-0.37575,-0.19352,0.84188,-0.50378,0.3223,0.53954,0.77783,32.93,-22.071,0.73204,0.27701,-0.18534,-0.048239,0.94159,0.82256,-0.55035,-0.14324,39.36,16.844,79.274,-709.59,-0.0017358,0.1278,-0.75616,-0.075489,0.11042,-0.78913,-0.042971,0.10638,-0.81342,0.041381,0.1071,-0.81057
5212,0.93241,-0.007958,-0.3613,-0.18572,0.84708,-0.49795,0.31002,0.5314,0.78835,32.278,-21.18,0.489,0.27248,-0.1777,-0.047056,0.94444,0.82898,-0.54064,-0.14316,38.379,16.092,78.664,-708.56,-0.0018381,0.12772,-0.75483,-0.074987,0.11066,-0.78908,-0.042024,0.10699,-0.81277,0.04224,0.10761,-0.80853
5214,0.93965,-0.0065126,-0.34207,-0.17641,0.84743,-0.50074,0.29314,0.53086,0.79514,32.2,-20.003,0.3971,0.27252,-0.16781,-0.044884,0.94634,0.84326,-0.51925,-0.13888,37.71,14.703,79.005,-706.27,-0.0019774,0.12789,-0.75318,-0.074407,0.11099,-0.78895,-0.041052,0.10693,-0.81225,0.043236,0.10812,-0.80627
5217,0.94654,-0.0011812,-0.3226,-0.16854,0.85086,-0.49763,0.27507,0.52539,0.80517,31.718,-18.82,0.071497,0.26949,-0.15744,-0.044086,0.94902,0.85496,-0.49948,-0.13986,36.747,13.867,78.628,-704.94,-0.0022671,0.12799,-0.75155,-0.07389,0.11101,-0.78894,-0.039987,0.10756,-0.81141,0.044001,0.10848,-0.8039
5219,0.95319,0.0049932,-0.30232,-0.16151,0.85367,-0.49514,0.25561,0.52079,0.81452,31.295,-17.597,-0.30014,0.26693,-0.14659,-0.043748,0.9515,0.86761,-0.47648,-0.1422,35.836,12.819,78.372,-703.25,-0.0025446,0.12801,-0.74983,-0.073324,0.11097,-0.78892,-0.038985,0.10786,-0.81061,0.044918,0.10905,-0.80127
5222,0.95973,0.00838,-0.2808,-0.1521,0.85587,-0.49432,0.23619,0.51712,0.82268,31.0,-16.308,-0.50027,0.26513,-0.13552,-0.042068,0.95371,0.88167,-0.45066,-0.13989,35.001,11.553,78.34,-701.16,-0.0027885,0.12815,-0.74788,-0.072647,0.11121,-0.78862,-0.037811,0.10817,-0.80966,0.045843,0.10957,-0.79847
5224,0.96582,0.0095985,-0.25904,-0.14033,0.85957,-0.49138,0.21794,0.51094,0.83153,30.58,-15.013,-0.5694,0.26207,-0.12471,-0.039202,0.95615,0.89484,-0.42584,-0.13386,34.059,10.332,78.298,-698.88,-0.002781,0.12839,-0.74566,-0.071668,0.11189,-0.78804,-0.0364,0.10882,-0.80841,0.046995,0.11022,-0.79536
5227,0.97126,0.016345,-0.23746,-0.13311,0.86436,-0.48494,0.19733,0.50261,0.84169,29.948,-13.737,-0.96414,0.25749,-0.11337,-0.038969,0.95882,0.90657,-0.39914,-0.1372,33.002,9.7458,77.99,-696.82,-0.0026055,0.12857,-0.74328,-0.070485,0.11222,-0.78738,-0.034766,0.10958,-0.80696,0.048272,0.11112,-0.792
5229,0.97643,0.020094,-0.2149,-0.12268,0.87086,-0.47598,0.17758,0.49113,0.85279,29.168,-12.409,-1.1789,0.25139,-0.10202,-0.037111,0.96178,0.91805,-0.37257,-0.13553,31.784,9.0227,77.588,-694.54,-0.0023923,0.12883,-0.74051,-0.069243,0.11301,-0.7864,-0.033085,0.11077,-0.80507,0.049605,0.11201,-0.78827
5232,0.98184,0.022237,-0.18842,-0.10962,0.87706,-0.46771,0.15486,0.47987,0.86357,28.44,-10.861,-1.2974,0.24557,-0.088961,-0.034171,0.96468,0.93226,-0.33773,-0.12973,30.545,7.9719,77.154,-691.85,-0.0021819,0.129,-0.73744,-0.067785,0.11382,-0.78531,-0.031153,0.11178,-0.80308,0.051045,0.11274,-0.78409
5234,0.98678,0.026456,-0.15986,-0.097284,0.88571,-0.45393,0.12958,0.46348,0.87658,27.377,-9.199,-1.5357,0.2369,-0.074744,-0.031953,0.96813,0.94587,-0.29843,-0.12758,29.01,6.7907,76.548,-689.12,-0.0018996,0.12915,-0.73414,-0.066077,0.11495,-0.7841,-0.028862,0.1131,-0.80082,0.05272,0.11408,-0.77925
5236,0.9891,0.030454,-0.14407,-0.092626,0.88924,-0.44796,0.11447,0.45642,0.88237,26.916,-8.2832,-1.7636,0.23318,-0.066658,-0.031734,0.96963,0.95336,-0.27253,-0.12975,28.315,6.5541,76.352,-687.92,-0.0017756,0.12939,-0.73249,-0.065077,0.11535,-0.78359,-0.027697,0.11393,-0.79962,0.053529,0.11469,-0.77685
5238,0.99333,0.031002,-0.11109,-0.077397,0.89329,-0.44277,0.085507,0.44841,0.88973,26.457,-6.3781,-1.7877,0.2293,-0.050583,-0.027891,0.97164,0.9697,-0.21392,-0.11795,27.356,5.6386,76.253,-684.92,-0.0013763,0.12976,-0.72916,-0.063098,0.11611,-0.78258,-0.025208,0.11495,-0.79744,0.055312,0.11516,-0.77225
5240,0.99519,0.032005,-0.092566,-0.069077,0.89937,-0.43169,0.069435,0.43601,0.89726,25.693,-5.3113,-1.842,0.2228,-0.041597,-0.025955,0.97363,0.97663,-0.18234,-0.11377,26.374,5.0127,75.778,-683.32,-0.0010023,0.12983,-0.72704,-0.061687,0.11705,-0.78167,-0.023482,0.11594,-0.79579,0.056496,0.116,-0.76903
5242,0.99708,0.029929,-0.070287,-0.057058,0.90354,-0.42468,0.050797,0.42745,0.90261,25.197,-4.0304,-1.7193,0.21847,-0.031044,-0.022302,0.97509,0.98504,-0.13997,-0.10055,25.628,4.4745,75.585,-681.01,-0.00050498,0.13009,-0.7243,-0.060012,0.11796,-0.78039,-0.021549,0.1169,-0.79379,0.057884,0.11634,-0.76546
5244,0.99819,0.031718,-0.051165,-0.049881,0.91161,-0.40801,0.033702,0.40982,0.91154,24.114,-2.9328,-1.82,0.20918,-0.021707,-0.020871,0.97741,0.9898,-0.10271,-0.098756,24.402,4.385,74.582,-678.84,0.00021929,0.1299,-0.72117,-0.058266,0.11885,-0.77863,-0.019503,0.11806,-0.7912,0.059336,0.11709,-0.76119
5247,0.99897,0.028052,-0.03576,-0.039826,0.91938,-0.39135,0.021899,0.39237,0.91955,23.054,-2.0493,-1.6085,0.20002,-0.014716,-0.017324,0.97953,0.9936,-0.073101,-0.086057,23.227,4.2787,73.98,-676.2,0.0010154,0.1301,-0.71755,-0.056641,0.12042,-0.77604,-0.017702,0.11966,-0.78807,0.060696,0.11777,-0.757
5249,0.99946,0.024205,-0.022292,-0.030774,0.92742,-0.37276,0.011651,0.37324,0.92766,21.892,-1.2773,-1.3873,0.18999,-0.0086445,-0.014002,0.98165,0.99627,-0.045331,-0.073423,21.987,4.4965,73.478,-673.26,0.0019453,0.13047,-0.71345,-0.054969,0.12224,-0.77287,-0.015919,0.1216,-0.78437,0.062053,0.11863,-0.75245
5252,0.99972,0.020526,-0.011935,-0.023402,0.93684,-0.34897,0.0040184,0.34916,0.93706,20.426,-0.68386,-1.1762,0.17736,-0.004053,-0.01116,0.98407,0.99777,-0.022801,-0.062782,20.478,4.7804,72.579,-670.51,0.0030276,0.13054,-0.70932,-0.053336,0.12416,-0.76943,-0.014076,0.12352,-0.78055,0.063496,0.1196,-0.74786
5254,0.99978,0.020806,-0.00034587,-0.019751,0.94359,-0.33054,-0.0065509,0.33047,0.94379,19.301,-0.019817,-1.1922,0.16763,0.0015736,-0.010285,0.98579,0.99808,0.0093691,-0.061239,19.338,5.6156,72.128,-667.5,0.0038347,0.13099,-0.70494,-0.051906,0.1256,-0.76595,-0.01259,0.12554,-0.77642,0.064658,0.12048,-0.7432
5257,0.99988,0.013482,0.0076656,-0.010414,0.94993,-0.3123,-0.011492,0.31218,0.94995,18.198,0.43921,-0.7725,0.15811,0.0048506,-0.0060503,0.98739,0.9988,0.030641,-0.03822,18.217,4.836,71.563,-664.22,0.0042674,0.131,-0.70078,-0.050972,0.12742,-0.76214,-0.011534,0.12688,-0.77257,0.06542,0.12113,-0.73876
5259,0.99985,0.011434,0.013226,-0.0070147,0.95529,-0.29559,-0.016015,0.29546,0.95522,17.195,0.75783,-0.65522,0.14945,0.0073936,-0.0046649,0.98873,0.99829,0.049389,-0.031161,17.219,4.4953,70.921,-661.42,0.0042124,0.13099,-0.69693,-0.05069,0.1286,-0.75859,-0.011178,0.12817,-0.76888,0.065586,0.12167,-0.73481
5262,0.99975,0.014426,0.017032,-0.0091364,0.96071,-0.2774,-0.020364,0.27717,0.9606,16.107,0.9759,-0.82667,0.14003,0.0094427,-0.0059495,0.99008,0.99684,0.067219,-0.042352,16.151,4.2235,70.115,-659.16,0.0038327,0.13086,-0.6935,-0.050839,0.12945,-0.7554,-0.011297,0.12937,-0.76547,0.065339,0.12244,-0.73122
5265,0.9997,0.014731,0.019546,-0.0091798,0.96596,-0.25851,-0.022689,0.25826,0.96581,14.985,1.12,-0.84424,0.13031,0.01065,-0.0060297,0.9914,0.99562,0.081371,-0.046068,15.042,3.61,69.424,-656.07,0.0033607,0.1308,-0.68927,-0.051162,0.13061,-0.7513,-0.011611,0.13068,-0.76125,0.064932,0.12324,-0.72693
5272,0.99991,0.0067176,0.011981,-0.0035902,0.96974,-0.2441,-0.013258,0.24403,0.96968,14.13,0.68646,-0.38492,0.12297,0.0063581,-0.0025967,0.99239,0.99844,0.051625,-0.021084,14.149,3.9486,69.139,-652.37,0.0038164,0.13103,-0.68459,-0.0512,0.13214,-0.7462,-0.0117,0.13213,-0.7565,0.065018,0.12348,-0.72294
5286,0.99996,-0.0083792,0.0014205,0.0084734,0.97006,-0.2427,0.00065568,0.2427,0.9701,14.046,0.081386,0.4801,0.12227,0.00019264,0.004245,0.99249,0.9994,0.0015746,0.034698,14.055,4.8217,69.238,-649.54,0.0050421,0.13124,-0.68155,-0.050612,0.13318,-0.7426,-0.011224,0.13277,-0.75327,0.065764,0.12266,-0.7207
5311,0.99985,-0.012473,-0.011742,0.0094088,0.97266,-0.23204,0.014316,0.2319,0.97263,13.418,-0.6728,0.71473,0.11679,-0.0065596,0.0055084,0.99312,0.99732,-0.056016,0.047039,13.45,3.7559,68.706,-647.37,0.004252,0.13094,-0.67892,-0.052135,0.13396,-0.73918,-0.012973,0.1332,-0.75044,0.064403,0.12284,-0.71875
5401,0.99978,-0.013645,-0.015918,0.0092613,0.96856,-0.2486,0.01881,0.2484,0.96848,14.396,-0.91207,0.78195,0.12524,-0.0087514,0.0057724,0.99207,0.99651,-0.069632,0.04593,14.44,4.2318,69.253,-649.02,0.0048031,0.13089,-0.68172,-0.051878,0.133,-0.74178,-0.012723,0.13189,-0.7533,0.064793,0.12216,-0.7218
5516,0.99985,-0.0124,-0.012406,0.0086648,0.96413,-0.26531,0.015251,0.26516,0.96408,15.386,-0.71084,0.71053,0.13383,-0.0069773,0.0053142,0.99097,0.99786,-0.052026,0.039625,15.415,4.2071,69.897,-655.99,0.0049308,0.13092,-0.68982,-0.051557,0.13196,-0.75008,-0.012352,0.1306,-0.76152,0.065062,0.12168,-0.72956
5700,0.99941,-0.016352,-0.030274,0.0078165,0.96475,-0.26307,0.033508,0.26268,0.9643,15.259,-1.7348,0.93739,0.13263,-0.01609,0.006097,0.99102,0.99169,-0.12031,0.045589,15.371,6.1769,69.179,-658.19,0.0063234,0.13035,-0.69176,-0.05122,0.13168,-0.75099,-0.01221,0.13036,-0.763,0.065694,0.12083,-0.7324
5712,0.99877,-0.013811,-0.04771,0.0008601,0.96523,-0.2614,0.049661,0.26104,0.96405,15.171,-2.7346,0.79222,0.1318,-0.024565,0.0037011,0.99096,0.9827,-0.18315,0.027595,15.416,5.8706,69.141,-657.45,0.0053198,0.13036,-0.69093,-0.053257,0.13167,-0.74915,-0.014461,0.13044,-0.76188,0.06398,0.12109,-0.73267
5721,0.99771,-0.015612,-0.065772,-0.0022222,0.96487,-0.26273,0.067563,0.26228,0.96262,15.266,-3.7712,0.89647,0.1325,-0.03365,0.0033791,0.99061,0.96893,-0.24608,0.024711,15.719,6.2482,69.375,-657.66,0.0049197,0.13064,-0.69104,-0.054696,0.13185,-0.74821,-0.016156,0.13075,-0.7616,0.062827,0.121,-0.73397
5729,0.99646,-0.018157,-0.082123,-0.0033781,0.96699,-0.25479,0.084039,0.25416,0.9635,14.812,-4.7106,1.0439,0.12842,-0.041925,0.003729,0.99083,0.95026,-0.31024,0.027594,15.533,7.0418,68.707,-657.89,0.0057017,0.13014,-0.69095,-0.054762,0.13214,-0.74703,-0.016433,0.13077,-0.76105,0.062941,0.12093,-0.73457
5737,0.99422,-0.021515,-0.10517,-0.0061472,0.96669,-0.25586,0.10718,0.25503,0.96098,14.909,-6.0372,1.2397,0.12899,-0.053614,0.0038799,0.99019,0.92305,-0.38367,0.027765,16.066,9.6095,68.864,-657.15,0.0074971,0.13033,-0.69011,-0.054302,0.13238,-0.74484,-0.0163,0.13103,-0.75974,0.063617,0.12072,-0.73519
5743,0.99221,-0.023547,-0.12236,-0.0082765,0.96736,-0.25326,0.12433,0.2523,0.95963,14.784,-7.0285,1.3595,0.12769,-0.062307,0.0038567,0.98985,0.89838,-0.43838,0.027135,16.342,10.301,68.507,-656.64,0.0081431,0.12993,-0.68968,-0.054536,0.13243,-0.74325,-0.016799,0.13072,-0.7589,0.063488,0.12061,-0.73552
5750,0.98987,-0.024944,-0.13977,-0.010761,0.96843,-0.24905,0.14157,0.24803,0.95835,14.567,-8.0344,1.4435,0.12558,-0.071078,0.0035832,0.98953,0.87001,-0.49241,0.024823,16.599,11.039,68.144,-655.94,0.0085177,0.12968,-0.68875,-0.055078,0.13257,-0.74118,-0.017604,0.13077,-0.75755,0.063049,0.12051,-0.73552
5762,0.98701,-0.026758,-0.15839,-0.014327,0.96743,-0.25271,0.15999,0.2517,0.95449,14.83,-9.1133,1.5529,0.12756,-0.080517,0.0031438,0.98855,0.84546,-0.53364,0.020836,17.356,12.828,68.258,-654.86,0.0095504,0.12974,-0.6877,-0.05505,0.1324,-0.73898,-0.017924,0.13067,-0.75601,0.06314,0.12014,-0.73567
5772,0.98434,-0.021943,-0.17493,-0.023025,0.96772,-0.25096,0.17479,0.25106,0.95206,14.767,-10.074,1.2771,0.12704,-0.088495,-0.00027382,0.98794,0.82054,-0.57159,-0.0017686,17.813,14.247,68.179,-655.11,0.0098932,0.12978,-0.6876,-0.055614,0.1321,-0.73787,-0.018774,0.13078,-0.75538,0.062624,0.12032,-0.73646
5781,0.98107,-0.023082,-0.19227,-0.026911,0.96699,-0.2534,0.19177,0.25378,0.94806,14.965,-11.085,1.3478,0.12848,-0.097281,-0.00096971,0.98693,0.79722,-0.60366,-0.0060173,18.548,15.068,68.31,-655.53,0.010402,0.12974,-0.68831,-0.05598,0.13205,-0.73739,-0.019457,0.13046,-0.75564,0.062244,0.12028,-0.73807
5788,0.97763,-0.02196,-0.20917,-0.031618,0.96789,-0.24939,0.20793,0.25043,0.94554,14.776,-12.074,1.2868,0.12669,-0.10573,-0.0024481,0.98629,0.76769,-0.64064,-0.014834,18.998,16.434,67.765,-655.83,0.01119,0.1293,-0.68831,-0.056024,0.13178,-0.73622,-0.019787,0.13025,-0.75509,0.062172,0.12007,-0.7388
5795,0.97379,-0.023815,-0.22619,-0.034081,0.96799,-0.24865,0.22487,0.24984,0.94181,14.789,-13.073,1.401,0.12648,-0.11444,-0.0026045,0.98534,0.74142,-0.67087,-0.015268,19.644,16.985,67.87,-655.53,0.01132,0.12942,-0.68792,-0.056717,0.13204,-0.73466,-0.020801,0.13043,-0.75414,0.061438,0.1201,-0.73937
5802,0.96971,-0.018966,-0.24353,-0.043938,0.96718,-0.25028,0.24028,0.2534,0.93705,14.954,-14.095,1.1205,0.12795,-0.1229,-0.0063436,0.98412,0.72073,-0.69229,-0.035732,20.452,17.226,67.87,-655.89,0.010677,0.12929,-0.68836,-0.05819,0.13144,-0.73387,-0.022658,0.12995,-0.75403,0.0599,0.12016,-0.74068
5808,0.96477,-0.018865,-0.26242,-0.048611,0.96747,-0.24827,0.25857,0.25228,0.93247,14.909,-15.214,1.1202,0.12731,-0.13251,-0.0075656,0.98294,0.69223,-0.7205,-0.041138,21.195,17.778,67.622,-656.04,0.01053,0.12911,-0.68822,-0.059204,0.13128,-0.73238,-0.024043,0.12988,-0.75316,0.058776,0.11996,-0.7415
5815,0.95933,-0.019322,-0.28162,-0.052741,0.96782,-0.24606,0.27731,0.25091,0.92744,14.859,-16.357,1.1539,0.12656,-0.14235,-0.0085109,0.98166,0.6638,-0.74657,-0.044638,21.983,18.886,67.569,-655.23,0.011232,0.12903,-0.68737,-0.059344,0.13141,-0.73009,-0.024599,0.12983,-0.75165,0.058428,0.12007,-0.74153
5822,0.95434,-0.020452,-0.29801,-0.057048,0.96681,-0.24904,0.29321,0.25467,0.9215,15.123,-17.338,1.2277,0.12848,-0.1508,-0.0093345,0.98014,0.64781,-0.76035,-0.047065,22.879,20.529,67.899,-654.58,0.012219,0.12927,-0.68674,-0.059105,0.13142,-0.72825,-0.024762,0.12985,-0.75047,0.058409,0.12,-0.74185
