frames,r11,r21,r31,r12,r22,r32,r13,r23,r33,roll,pitch,yaw,q1,q2,q3,q4,u1,u2,u3,angle,Sx,Sy,Sz,M1x,M1y,M1z,M2x,M2y,M2z,M3x,M3y,M3z,M4x,M4y,M4z
3701,0.9998,0.019181,-0.0049497,-0.019646,0.99211,-0.12384,0.0025352,0.12392,0.99229,7.114,-0.2836,-1.0991,0.062062,-0.0018749,-0.009726,0.99802,0.9875,-0.029833,-0.15476,7.2066,1.1083,134.37,-648.84,0.0031101,0.17729,-0.65563,-0.055488,0.18943,-0.71261,-0.016599,0.1911,-0.72524,0.062122,0.17875,-0.69798
3831,0.99956,0.018491,-0.023003,-0.021201,0.99208,-0.12379,0.020532,0.12422,0.99204,7.1126,-1.3181,-1.0598,0.062129,-0.010906,-0.0099433,0.99796,0.97293,-0.17079,-0.15571,7.3225,1.9016,134.51,-649.83,0.0035721,0.17746,-0.65651,-0.056038,0.18948,-0.7125,-0.017435,0.19138,-0.72572,0.061732,0.17863,-0.7
3834,0.99894,0.018786,-0.0421,-0.023899,0.99194,-0.12445,0.039423,0.12532,0.99133,7.1552,-2.4129,-1.0774,0.062581,-0.020426,-0.010695,0.99777,0.93834,-0.30627,-0.16036,7.6482,2.947,134.65,-650.02,0.0046034,0.17758,-0.65686,-0.056063,0.1896,-0.71167,-0.017703,0.19134,-0.72568,0.061953,0.17884,-0.70134
3836,0.99808,0.015331,-0.060067,-0.022962,0.99145,-0.12848,0.057583,0.12962,0.98989,7.3954,-3.4436,-0.88005,0.064691,-0.029488,-0.0095981,0.99742,0.90174,-0.41104,-0.13379,8.2279,3.9065,134.84,-649.99,0.0054628,0.17775,-0.65698,-0.056159,0.18965,-0.7108,-0.018058,0.19134,-0.72546,0.061999,0.17852,-0.70264
3838,0.99676,0.018724,-0.078236,-0.028385,0.99184,-0.12426,0.075271,0.12608,0.98916,7.1602,-4.4872,-1.0761,0.06276,-0.038484,-0.01181,0.99722,0.84173,-0.51614,-0.15839,8.552,4.899,134.64,-650.15,0.0063906,0.17754,-0.65715,-0.056204,0.18957,-0.70971,-0.018395,0.19122,-0.72517,0.062065,0.17886,-0.70364
3840,0.99503,0.013865,-0.098574,-0.026756,0.99106,-0.13068,0.095881,0.13266,0.98651,7.5457,-5.657,-0.79834,0.066062,-0.048781,-0.01019,0.99657,0.79833,-0.5895,-0.12314,9.4933,5.9416,135.01,-649.91,0.0074064,0.17787,-0.65719,-0.056211,0.18976,-0.70856,-0.018676,0.19121,-0.72478,0.062188,0.17856,-0.70495
3842,0.99262,0.016861,-0.12009,-0.03244,0.99112,-0.12898,0.11685,0.13193,0.98435,7.4651,-6.8972,-0.97315,0.065489,-0.059471,-0.012375,0.996,0.73316,-0.66579,-0.13854,10.249,7.2565,134.89,-650.12,0.0084991,0.17776,-0.65743,-0.056238,0.18955,-0.70738,-0.019068,0.19105,-0.72443,0.062179,0.17871,-0.70624
3844,0.98963,0.012939,-0.14307,-0.031608,0.99114,-0.12899,0.14014,0.13218,0.98127,7.4889,-8.2257,-0.7491,0.065605,-0.07114,-0.01119,0.99524,0.67344,-0.73026,-0.11487,11.181,8.226,134.88,-650.3,0.0094761,0.17773,-0.65768,-0.056358,0.18975,-0.70613,-0.01958,0.19108,-0.72399,0.062082,0.17846,-0.70775
3846,0.98665,0.016698,-0.16202,-0.038157,0.99075,-0.13026,0.15835,0.1347,0.97815,7.5852,-9.3242,-0.96958,0.06661,-0.080541,-0.013791,0.99443,0.63184,-0.76398,-0.13081,12.103,9.4727,135.14,-650.35,0.010374,0.17799,-0.65781,-0.056418,0.18962,-0.70502,-0.020025,0.1911,-0.72359,0.061941,0.17879,-0.70883
3849,0.98326,0.013322,-0.1817,-0.037286,0.99093,-0.12912,0.17833,0.13373,0.97484,7.5451,-10.469,-0.77623,0.066136,-0.090585,-0.012733,0.99361,0.5859,-0.80249,-0.1128,12.963,10.514,135.06,-650.55,0.011431,0.1779,-0.65802,-0.056267,0.1898,-0.70389,-0.020213,0.19114,-0.72319,0.062043,0.17856,-0.7101
3943,0.99775,0.018695,-0.064324,-0.02576,0.99351,-0.11083,0.061834,0.11224,0.99176,6.3765,-3.688,-1.0734,0.055886,-0.031607,-0.011137,0.99787,0.85763,-0.48504,-0.17091,7.4725,3.9863,133.76,-646.49,0.0056565,0.17675,-0.65289,-0.056222,0.18961,-0.70616,-0.01818,0.19137,-0.72101,0.061986,0.17869,-0.69861
3955,0.99794,0.019615,-0.061064,-0.025193,0.99544,-0.09196,0.058982,0.093309,0.99389,5.2863,-3.5009,-1.126,0.046391,-0.030059,-0.01122,0.99841,0.82246,-0.53292,-0.19891,6.467,4.2996,132.92,-644.58,0.0061354,0.17601,-0.65026,-0.055618,0.18999,-0.70346,-0.017505,0.19185,-0.71819,0.062593,0.17894,-0.6957
3973,0.99626,0.011493,-0.085597,-0.019285,0.99568,-0.090772,0.084184,0.092083,0.99219,5.2272,-4.9103,-0.66093,0.045805,-0.04253,-0.0077098,0.99801,0.72731,-0.67531,-0.12242,7.2216,5.8593,132.69,-643.47,0.0079411,0.17576,-0.64919,-0.054997,0.19031,-0.70085,-0.017249,0.19185,-0.71655,0.063288,0.17831,-0.69605
3975,0.99421,0.012071,-0.1068,-0.021018,0.99632,-0.083043,0.10541,0.084806,0.99081,4.7909,-6.1311,-0.69561,0.04206,-0.053178,-0.0082915,0.99766,0.61577,-0.77852,-0.12139,7.8334,7.0274,132.31,-643.85,0.0091555,0.17539,-0.64943,-0.054848,0.19042,-0.69956,-0.017432,0.19188,-0.71612,0.063484,0.17845,-0.69736
3977,0.99079,0.0079357,-0.13519,-0.0205,0.99557,-0.091799,0.13386,0.093724,0.98656,5.316,-7.7697,-0.4589,0.046539,-0.067492,-0.0071331,0.99661,0.56553,-0.82016,-0.08668,9.4406,8.4682,132.75,-643.64,0.010508,0.17579,-0.64964,-0.054899,0.19052,-0.69811,-0.01795,0.19177,-0.71575,0.063467,0.17818,-0.69924
3979,0.98639,0.01003,-0.16409,-0.025595,0.99534,-0.093017,0.16239,0.095951,0.98205,5.4108,-9.4445,-0.58259,0.047457,-0.081994,-0.0089469,0.99546,0.49872,-0.86165,-0.09402,10.921,9.7713,132.71,-644.13,0.011609,0.17572,-0.65034,-0.05521,0.19025,-0.69686,-0.018751,0.19146,-0.71564,0.063111,0.17823,-0.70138
3981,0.98127,0.012974,-0.1922,-0.032677,0.99448,-0.0997,0.18985,0.10411,0.97628,5.831,-11.081,-0.75748,0.051261,-0.09609,-0.011482,0.99399,0.46809,-0.87744,-0.10484,12.574,11.41,133.25,-644.81,0.012639,0.17627,-0.65116,-0.055567,0.19,-0.69593,-0.019675,0.19153,-0.71564,0.062643,0.17833,-0.70377
3983,0.97559,0.014727,-0.21909,-0.037372,0.99433,-0.099573,0.21638,0.10533,0.97061,5.8574,-12.656,-0.86487,0.051611,-0.10969,-0.013123,0.99254,0.42328,-0.89958,-0.10762,14.007,12.674,133.28,-645.64,0.013696,0.17628,-0.65211,-0.055721,0.18988,-0.69499,-0.020411,0.1914,-0.71572,0.062188,0.17846,-0.70602
3984,0.96876,0.012865,-0.24766,-0.040614,0.9934,-0.10726,0.24465,0.11397,0.96289,6.3563,-14.339,-0.76084,0.055834,-0.12425,-0.013497,0.99059,0.40789,-0.90769,-0.0986,15.735,14.059,133.7,-646.15,0.014878,0.17664,-0.65303,-0.055794,0.18985,-0.69396,-0.021035,0.19118,-0.71574,0.061773,0.17835,-0.70836
3986,0.9606,0.014365,-0.27755,-0.045709,0.99323,-0.1068,0.27413,0.11528,0.95476,6.3825,-16.114,-0.85672,0.056164,-0.13952,-0.015193,0.98851,0.37153,-0.92297,-0.1005,17.389,15.663,133.74,-647.17,0.016213,0.17667,-0.65413,-0.055714,0.18974,-0.69289,-0.021704,0.19108,-0.71573,0.061331,0.17844,-0.71083
3987,0.95584,0.012562,-0.29362,-0.047033,0.99275,-0.11064,0.2901,0.11956,0.9495,6.6461,-17.075,-0.75297,0.058296,-0.14783,-0.015092,0.98718,0.36521,-0.92611,-0.094551,18.37,16.487,134.02,-647.58,0.016857,0.17694,-0.65466,-0.055677,0.1898,-0.69226,-0.022057,0.19114,-0.71566,0.061056,0.17832,-0.71221
3988,0.95088,0.010273,-0.30939,-0.048579,0.99202,-0.11637,0.30572,0.12568,0.94379,7.0289,-18.022,-0.61897,0.061387,-0.156,-0.014926,0.98573,0.36473,-0.92688,-0.088681,19.379,17.31,134.28,-647.89,0.01752,0.17716,-0.65519,-0.055668,0.18976,-0.69169,-0.02237,0.19101,-0.71565,0.060802,0.17807,-0.71348
3990,0.94024,0.0091551,-0.3404,-0.051746,0.99187,-0.11625,0.33657,0.12692,0.93307,7.102,-19.901,-0.55787,0.061844,-0.17217,-0.015488,0.983,0.33685,-0.93777,-0.084363,21.158,18.873,134.12,-649.08,0.018846,0.17699,-0.65642,-0.055483,0.18957,-0.69052,-0.022979,0.19079,-0.71553,0.060228,0.17773,-0.71602
3991,0.93437,0.0073335,-0.35623,-0.055047,0.99076,-0.12399,0.35202,0.13546,0.92614,7.6254,-20.869,-0.44968,0.066104,-0.18045,-0.015893,0.98123,0.34281,-0.93578,-0.082421,22.236,19.77,134.53,-649.25,0.01952,0.17735,-0.65692,-0.055397,0.1895,-0.68987,-0.023315,0.19061,-0.71546,0.059863,0.17759,-0.7174
3992,0.92804,0.0074611,-0.37242,-0.058438,0.99034,-0.12578,0.36788,0.13849,0.9195,7.7893,-21.865,-0.46063,0.06745,-0.18894,-0.016819,0.97952,0.33503,-0.9385,-0.083542,23.229,20.592,134.69,-649.71,0.020203,0.17747,-0.65755,-0.055291,0.18948,-0.68923,-0.023669,0.19048,-0.71538,0.059445,0.17766,-0.71863
3993,0.92085,0.0064919,-0.38987,-0.0603,0.9902,-0.12594,0.38523,0.13948,0.91222,7.8603,-22.946,-0.40393,0.06787,-0.1982,-0.01708,0.97766,0.32289,-0.94294,-0.081255,24.268,21.337,134.63,-650.24,0.020909,0.17738,-0.65825,-0.055157,0.18946,-0.68849,-0.02401,0.19026,-0.71528,0.059028,0.17759,-0.71998
3994,0.91383,0.0048505,-0.40607,-0.061888,0.98991,-0.12745,0.40136,0.1416,0.90491,8.0168,-23.958,-0.30412,0.06893,-0.20687,-0.017099,0.97579,0.31515,-0.94581,-0.078176,25.267,22.138,134.63,-650.66,0.021612,0.17736,-0.6588,-0.054977,0.18943,-0.68771,-0.024292,0.19012,-0.71511,0.058676,0.1774,-0.72121
3995,0.90009,0.0040371,-0.43569,-0.067672,0.98912,-0.13064,0.43042,0.14707,0.89057,8.3452,-25.829,-0.25699,0.071421,-0.22275,-0.018442,0.97208,0.30438,-0.9493,-0.078597,27.141,24.226,134.87,-651.62,0.02319,0.1776,-0.65969,-0.054338,0.18924,-0.68622,-0.0246,0.19013,-0.71445,0.058157,0.17709,-0.72343
3997,0.8861,0.0054368,-0.46346,-0.074275,0.98867,-0.13041,0.4575,0.14998,0.87647,8.463,-27.61,-0.35154,0.072385,-0.23775,-0.020578,0.96841,0.29027,-0.95338,-0.082518,28.881,26.455,134.95,-652.91,0.024891,0.17771,-0.66075,-0.053418,0.18892,-0.68491,-0.024613,0.19015,-0.71397,0.057832,0.17687,-0.72564
3999,0.87156,0.00033403,-0.49029,-0.075788,0.98807,-0.13405,0.4844,0.15399,0.86119,8.8476,-29.36,-0.021959,0.074663,-0.25265,-0.019732,0.96447,0.28262,-0.95632,-0.074688,30.637,28.351,135.08,-653.77,0.026697,0.17778,-0.66189,-0.052293,0.1891,-0.68371,-0.024393,0.19,-0.7137,0.05763,0.17656,-0.72781
4000,0.85611,0.00081707,-0.51679,-0.081654,0.98765,-0.13371,0.5103,0.15667,0.84561,8.9851,-31.117,-0.054683,0.075587,-0.26736,-0.021468,0.96039,0.27124,-0.95942,-0.077038,32.362,30.724,134.99,-655.34,0.028641,0.17771,-0.66329,-0.050951,0.18872,-0.6827,-0.024027,0.18983,-0.71351,0.057437,0.17621,-0.73006
4001,0.8476,-0.0028089,-0.53063,-0.082635,0.98709,-0.13722,0.52417,0.16016,0.83642,9.3168,-32.048,0.18987,0.077603,-0.27526,-0.020831,0.95801,0.27063,-0.95994,-0.072647,33.327,31.798,135.26,-655.79,0.029643,0.17793,-0.66393,-0.050236,0.18896,-0.6821,-0.023816,0.18987,-0.71335,0.057359,0.17609,-0.7312
4003,0.83018,-0.0040312,-0.55749,-0.087202,0.98673,-0.13699,0.55064,0.16234,0.81881,9.498,-33.882,0.27821,0.078493,-0.29058,-0.02181,0.95338,0.2601,-0.96287,-0.072269,35.129,34.187,135.26,-657.39,0.03166,0.17795,-0.66534,-0.048784,0.18879,-0.68102,-0.023391,0.18987,-0.713,0.057097,0.17573,-0.73347
4005,0.80196,-0.0074811,-0.59733,-0.092013,0.98644,-0.13589,0.59025,0.16394,0.7904,9.7551,-36.679,0.53447,0.079245,-0.31388,-0.022342,0.94589,0.24421,-0.96728,-0.06885,37.871,37.349,135.19,-659.69,0.034455,0.17788,-0.6675,-0.046612,0.18874,-0.67931,-0.022868,0.18982,-0.7124,0.056427,0.17526,-0.73674
4007,0.78254,-0.011918,-0.62248,-0.093206,0.98631,-0.13606,0.61558,0.16449,0.77072,10.011,-38.498,0.87257,0.079874,-0.32903,-0.021603,0.94069,0.23542,-0.9698,-0.063675,39.666,39.076,135.12,-661.02,0.036085,0.17779,-0.66891,-0.045288,0.1889,-0.67817,-0.022589,0.18975,-0.712,0.055915,0.1749,-0.73883
4009,0.76372,-0.016231,-0.64534,-0.099,0.98491,-0.14193,0.63791,0.17228,0.75059,10.708,-40.191,1.2175,0.083987,-0.343,-0.022123,0.93531,0.23737,-0.96941,-0.062525,41.443,40.97,135.4,-662.23,0.037643,0.178,-0.67034,-0.04396,0.18886,-0.67726,-0.022285,0.18952,-0.71179,0.055365,0.17447,-0.74092
4010,0.74274,-0.023088,-0.66918,-0.10193,0.98386,-0.14708,0.66178,0.17746,0.7284,11.416,-42.004,1.7805,0.0873,-0.35802,-0.021209,0.92938,0.23651,-0.96993,-0.057458,43.323,42.705,135.41,-663.56,0.039208,0.17794,-0.672,-0.042552,0.18893,-0.67639,-0.021996,0.18919,-0.71165,0.054716,0.17384,-0.74313
4012,0.71997,-0.022088,-0.69366,-0.10832,0.98367,-0.14375,0.6855,0.17863,0.70582,11.512,-43.92,1.7572,0.087298,-0.37346,-0.023351,0.92324,0.2272,-0.97195,-0.060772,45.193,44.498,135.38,-665.22,0.040684,0.17788,-0.67366,-0.041202,0.1888,-0.6753,-0.021868,0.18897,-0.71128,0.053664,0.17392,-0.74509
4013,0.70692,-0.025287,-0.70684,-0.10961,0.98337,-0.1448,0.69875,0.17983,0.69239,11.812,-44.979,2.0487,0.088254,-0.38212,-0.022923,0.9196,0.22465,-0.97269,-0.05835,46.264,45.25,135.35,-665.93,0.041349,0.17783,-0.67447,-0.040549,0.18889,-0.67461,-0.021867,0.18888,-0.71097,0.053071,0.17365,-0.74617
4015,0.66983,-0.024007,-0.74213,-0.11971,0.98291,-0.13984,0.73281,0.18251,0.6555,12.043,-47.913,2.0526,0.088615,-0.40546,-0.026309,0.90943,0.21309,-0.97498,-0.063264,49.147,47.75,135.29,-668.27,0.043295,0.17774,-0.67664,-0.038529,0.18857,-0.6726,-0.021726,0.18857,-0.70983,0.051254,0.17354,-0.74883
4016,0.65745,-0.027954,-0.75298,-0.12043,0.98257,-0.14163,0.74381,0.1838,0.64263,12.429,-48.849,2.4347,0.08981,-0.41306,-0.025522,0.9059,0.21207,-0.97539,-0.060266,50.109,48.44,135.3,-668.81,0.043924,0.17772,-0.67731,-0.037782,0.18873,-0.67195,-0.02161,0.18851,-0.70949,0.050763,0.17327,-0.74964
4018,0.63564,-0.030862,-0.77137,-0.12234,0.98255,-0.14012,0.76223,0.18343,0.62077,12.72,-50.477,2.7796,0.08989,-0.42607,-0.025414,0.89985,0.20608,-0.9768,-0.058263,51.722,49.865,135.03,-670.33,0.045171,0.17748,-0.6786,-0.036356,0.18857,-0.67095,-0.021236,0.18844,-0.70889,0.049975,0.17268,-0.75121
4020,0.60554,-0.031718,-0.79518,-0.12765,0.9824,-0.13639,0.78551,0.1841,0.59083,12.999,-52.672,2.9983,0.089878,-0.44329,-0.026903,0.89146,0.19836,-0.97833,-0.059375,53.886,52.045,134.93,-672.37,0.047019,0.17739,-0.68034,-0.034127,0.18841,-0.6696,-0.020474,0.18838,-0.70805,0.048965,0.17239,-0.75301
4022,0.58414,-0.032524,-0.811,-0.12771,0.98307,-0.13141,0.80154,0.18034,0.5701,12.98,-54.194,3.1869,0.088003,-0.4552,-0.02687,0.88562,0.1895,-0.98018,-0.05786,55.344,53.318,134.43,-673.53,0.048253,0.17689,-0.68151,-0.032589,0.18829,-0.6686,-0.019947,0.18807,-0.70739,0.048226,0.1722,-0.7541
4024,0.56344,-0.03799,-0.82529,-0.13373,0.98157,-0.13648,0.81526,0.18727,0.54797,13.986,-55.617,3.8574,0.092043,-0.46641,-0.027219,0.87934,0.19329,-0.97947,-0.057161,56.873,54.873,134.57,-674.27,0.049485,0.17694,-0.68249,-0.030916,0.18824,-0.66758,-0.019329,0.18771,-0.70682,0.047695,0.17162,-0.75522
4025,0.54313,-0.040654,-0.83866,-0.12871,0.98299,-0.131,0.82972,0.1791,0.52866,13.918,-56.999,4.2806,0.088713,-0.47728,-0.025191,0.8739,0.18249,-0.98184,-0.051822,58.171,56.278,134.04,-675.67,0.05105,0.1765,-0.68353,-0.028986,0.18838,-0.66669,-0.018267,0.18797,-0.70612,0.047508,0.17124,-0.75619
4027,0.52545,-0.042656,-0.84976,-0.12525,0.98398,-0.12684,0.84156,0.17308,0.51169,13.922,-58.185,4.6411,0.086278,-0.48653,-0.02376,0.86907,0.17441,-0.9835,-0.048029,59.299,57.881,133.48,-676.74,0.052759,0.17594,-0.68464,-0.026879,0.18841,-0.66612,-0.01699,0.18779,-0.70578,0.04767,0.17104,-0.75705
4029,0.51019,-0.047372,-0.85876,-0.12427,0.98394,-0.12811,0.85104,0.17208,0.49611,14.479,-59.177,5.3048,0.086798,-0.49438,-0.022236,0.86462,0.17276,-0.98397,-0.044256,60.322,59.527,133.42,-677.74,0.054405,0.17591,-0.68548,-0.024786,0.18859,-0.66562,-0.015588,0.188,-0.70543,0.048008,0.17057,-0.75792
4030,0.49514,-0.050593,-0.86734,-0.11938,0.98487,-0.1256,0.86057,0.16573,0.48161,14.617,-60.151,5.8343,0.084644,-0.50203,-0.019986,0.86047,0.16613,-0.98532,-0.039226,61.262,60.963,132.88,-678.36,0.056002,0.17534,-0.68639,-0.02274,0.18878,-0.66514,-0.014257,0.18777,-0.70518,0.048373,0.17045,-0.75852
4032,0.4806,-0.053193,-0.87533,-0.11286,0.98611,-0.12189,0.86965,0.15737,0.46792,14.601,-61.084,6.3158,0.08151,-0.50931,-0.017416,0.85654,0.15794,-0.98687,-0.033747,62.14,62.219,132.36,-679.47,0.057511,0.17492,-0.68713,-0.020828,0.18889,-0.66462,-0.012978,0.1881,-0.70469,0.048718,0.17001,-0.7592
4034,0.46628,-0.06033,-0.88258,-0.11451,0.98516,-0.12784,0.8772,0.16067,0.45245,15.778,-61.955,7.3724,0.084654,-0.51634,-0.015898,0.85204,0.16172,-0.98637,-0.030369,63.132,63.762,132.29,-679.75,0.058925,0.17475,-0.68785,-0.018972,0.18903,-0.6641,-0.011774,0.18772,-0.7045,0.049036,0.16942,-0.75991
4036,0.44762,-0.062766,-0.89202,-0.10618,0.98674,-0.12272,0.8879,0.14965,0.43503,15.753,-63.128,7.982,0.080395,-0.52538,-0.012816,0.84696,0.15122,-0.98821,-0.024106,64.234,65.452,131.49,-681.1,0.060931,0.17404,-0.6889,-0.016388,0.18907,-0.66354,-0.0099785,0.18788,-0.70404,0.049556,0.16897,-0.76071
4040,0.42556,-0.063615,-0.90269,-0.10126,0.98791,-0.11736,0.89925,0.14135,0.41397,15.828,-64.514,8.502,0.076928,-0.53581,-0.011194,0.84075,0.14208,-0.98964,-0.020675,65.561,68.283,130.86,-682.55,0.06391,0.17347,-0.69015,-0.012614,0.18904,-0.66292,-0.0072148,0.18789,-0.70353,0.050628,0.16877,-0.76152
4042,0.4169,-0.06847,-0.90637,-0.096335,0.98821,-0.11896,0.90383,0.13691,0.40539,16.355,-65.009,9.3268,0.076314,-0.53989,-0.0083108,0.83823,0.13994,-0.99004,-0.01524,66.093,69.305,130.47,-682.93,0.065126,0.17309,-0.69058,-0.011136,0.18919,-0.66266,-0.0060734,0.18794,-0.70333,0.051304,0.16822,-0.76195
4050,0.40351,-0.070022,-0.91229,-0.093523,0.98869,-0.11725,0.91018,0.13263,0.3924,16.637,-65.824,9.8446,0.074874,-0.54607,-0.0070417,0.83436,0.13583,-0.99065,-0.012775,66.902,72.491,130.0,-683.91,0.068416,0.17266,-0.69137,-0.0073525,0.18904,-0.6624,-0.002843,0.18789,-0.70303,0.053527,0.16778,-0.76255
4065,0.4379,-0.06574,-0.89662,-0.086348,0.98964,-0.11473,0.89487,0.12766,0.42769,15.017,-63.717,8.5378,0.071726,-0.53011,-0.0060979,0.84487,0.13407,-0.99091,-0.011399,64.684,71.236,130.0,-680.65,0.067542,0.17268,-0.68819,-0.0092324,0.18922,-0.66203,-0.0032286,0.1881,-0.70249,0.055263,0.16849,-0.75975
4070,0.46174,-0.068361,-0.88438,-0.090015,0.98827,-0.12339,0.88244,0.13658,0.45017,15.328,-62.175,8.4215,0.076328,-0.51874,-0.0063579,0.8515,0.14556,-0.98927,-0.012125,63.251,69.611,130.63,-679.55,0.06582,0.17323,-0.6875,-0.011619,0.18939,-0.66344,-0.0046136,0.18804,-0.70383,0.05543,0.16853,-0.75938
4073,0.48329,-0.070545,-0.87262,-0.087642,0.98784,-0.1284,0.87106,0.13853,0.47123,15.242,-60.764,8.3048,0.077808,-0.50826,-0.0049835,0.85766,0.15132,-0.98844,-0.0096915,61.889,67.978,130.97,-678.92,0.064365,0.17357,-0.68693,-0.013738,0.18967,-0.66486,-0.0056818,0.18835,-0.70494,0.055795,0.1685,-0.75903
4074,0.4971,-0.066374,-0.86515,-0.093223,0.98721,-0.1293,0.86267,0.14493,0.48455,14.941,-59.9,7.6053,0.079577,-0.50139,-0.0077912,0.86152,0.15673,-0.98752,-0.015345,61.025,66.857,131.42,-678.22,0.063037,0.17398,-0.68633,-0.015459,0.1895,-0.66543,-0.0068042,0.18821,-0.70543,0.055568,0.16896,-0.7585
4076,0.51366,-0.064403,-0.85558,-0.094966,0.98678,-0.13129,0.85272,0.14869,0.50075,14.692,-58.823,7.1465,0.080808,-0.49305,-0.0088211,0.8662,0.16171,-0.98668,-0.017653,59.961,65.546,131.83,-677.54,0.061701,0.17441,-0.68558,-0.017219,0.18951,-0.6662,-0.0078196,0.18839,-0.706,0.055577,0.16921,-0.75794
4078,0.53171,-0.065685,-0.84438,-0.090798,0.98682,-0.13394,0.84205,0.14789,0.51873,14.478,-57.605,7.0424,0.080856,-0.48383,-0.0072051,0.87139,0.16481,-0.98622,-0.014686,58.76,64.116,131.9,-676.46,0.060504,0.17446,-0.6847,-0.018865,0.18974,-0.66701,-0.0085992,0.1885,-0.7066,0.055971,0.16929,-0.7572
4080,0.55316,-0.065914,-0.83046,-0.094109,0.98554,-0.14091,0.82774,0.1561,0.53896,14.652,-56.147,6.7953,0.084649,-0.47261,-0.008036,0.87716,0.17628,-0.9842,-0.016735,57.396,62.749,132.44,-675.03,0.059054,0.17493,-0.68358,-0.020742,0.18974,-0.66794,-0.0095015,0.18837,-0.70731,0.056464,0.16939,-0.75623
4082,0.57805,-0.06083,-0.81373,-0.08971,0.98644,-0.13747,0.81105,0.15246,0.56476,13.68,-54.462,6.0072,0.081949,-0.45925,-0.0081629,0.88448,0.17564,-0.9843,-0.017496,55.624,61.13,132.45,-674.24,0.057691,0.17503,-0.68245,-0.022625,0.18968,-0.66918,-0.010188,0.18874,-0.7081,0.057189,0.16981,-0.75506
4083,0.59317,-0.060445,-0.8028,-0.088696,0.9862,-0.13979,0.80017,0.15412,0.57963,13.559,-53.398,5.8184,0.082683,-0.45094,-0.0079474,0.88868,0.18032,-0.98345,-0.017332,54.585,60.356,132.83,-673.35,0.057005,0.17539,-0.68168,-0.023472,0.18992,-0.66992,-0.010377,0.18894,-0.7086,0.05777,0.17017,-0.7543
4084,0.60865,-0.061146,-0.79108,-0.085224,0.98622,-0.1418,0.78885,0.15372,0.59505,13.403,-52.287,5.7368,0.082732,-0.4423,-0.0067406,0.89302,0.18384,-0.98284,-0.014978,53.49,59.518,132.9,-672.7,0.056351,0.17548,-0.68101,-0.024366,0.19003,-0.67084,-0.01045,0.18911,-0.70921,0.058641,0.17011,-0.75362
4085,0.62526,-0.059962,-0.77811,-0.081644,0.98655,-0.14163,0.77613,0.15208,0.61195,13.031,-51.088,5.4779,0.081792,-0.43282,-0.0060381,0.89774,0.18567,-0.98252,-0.013707,52.275,58.674,132.93,-672.03,0.055712,0.17553,-0.68035,-0.025217,0.19012,-0.67186,-0.010488,0.18925,-0.70992,0.059535,0.17033,-0.75284
4086,0.64279,-0.061028,-0.76361,-0.077595,0.98651,-0.14416,0.7621,0.15192,0.62938,12.901,-49.783,5.4235,0.082007,-0.42259,-0.0045888,0.90259,0.19049,-0.98163,-0.010659,50.999,57.728,133.12,-671.02,0.055003,0.17569,-0.67953,-0.026073,0.19041,-0.67288,-0.010524,0.18941,-0.71066,0.060375,0.17055,-0.75192
4087,0.66018,-0.061134,-0.74862,-0.076578,0.98601,-0.14805,0.7472,0.15507,0.64626,12.903,-48.471,5.2907,0.083527,-0.41218,-0.0042556,0.90726,0.1986,-0.98003,-0.010118,49.743,56.907,133.47,-670.21,0.054237,0.17606,-0.67863,-0.026995,0.19046,-0.67389,-0.010532,0.18966,-0.71124,0.061371,0.17053,-0.751
4088,0.69668,-0.057293,-0.71509,-0.067867,0.98707,-0.1452,0.71417,0.14969,0.68378,11.989,-45.651,4.7013,0.080349,-0.38943,-0.0028811,0.91754,0.20207,-0.97935,-0.0072454,46.861,54.842,133.56,-668.2,0.052721,0.17615,-0.67678,-0.028653,0.19083,-0.67598,-0.010391,0.18992,-0.71255,0.063358,0.17141,-0.74847
4089,0.71417,-0.060219,-0.69738,-0.066438,0.98596,-0.15318,0.69682,0.15573,0.70014,12.341,-44.217,4.8198,0.083759,-0.37804,-0.0016863,0.92199,0.21631,-0.97631,-0.004355,45.562,53.963,134.01,-667.1,0.051937,0.17655,-0.67591,-0.029427,0.19099,-0.6772,-0.010272,0.18999,-0.7133,0.064422,0.17127,-0.74745
4090,0.73095,-0.058696,-0.6799,-0.062874,0.98626,-0.15274,0.67952,0.15439,0.71722,12.022,-42.836,4.5911,0.082865,-0.36677,-0.0011273,0.92661,0.22038,-0.97541,-0.002998,44.175,53.035,133.91,-666.71,0.051164,0.17651,-0.67529,-0.030119,0.19082,-0.67858,-0.010108,0.1901,-0.71405,0.0653,0.1712,-0.74644
4091,0.74678,-0.062016,-0.66217,-0.057616,0.98587,-0.15731,0.66257,0.15563,0.73265,12.118,-41.466,4.7472,0.084053,-0.35582,0.0011817,0.93077,0.22989,-0.97321,0.0032321,42.891,51.962,134.02,-665.83,0.050378,0.17659,-0.67463,-0.03081,0.19105,-0.67989,-0.0099687,0.19014,-0.71492,0.066243,0.17106,-0.74549
4092,0.76314,-0.062437,-0.64321,-0.057498,0.98481,-0.16382,0.64367,0.162,0.74796,12.354,-40.031,4.6773,0.087129,-0.34413,0.0013207,0.93487,0.24544,-0.96941,0.0037204,41.586,51.047,134.45,-664.83,0.049499,0.17698,-0.67384,-0.031544,0.19106,-0.68115,-0.0098522,0.1901,-0.71572,0.06711,0.17111,-0.74438
4093,0.77759,-0.062717,-0.62563,-0.052852,0.98497,-0.16443,0.62655,0.16092,0.76259,12.168,-38.729,4.6113,0.086643,-0.33346,0.0026272,0.93877,0.25147,-0.96783,0.0076252,40.308,49.909,134.38,-664.09,0.048657,0.17689,-0.67325,-0.032195,0.19112,-0.68239,-0.0096961,0.19001,-0.71644,0.067832,0.17119,-0.74326
4094,0.79032,-0.064001,-0.60934,-0.048769,0.9848,-0.16669,0.61075,0.16145,0.77519,12.136,-37.542,4.6298,0.087077,-0.32377,0.004042,0.94211,0.2597,-0.96561,0.012055,39.181,48.875,134.42,-663.48,0.047852,0.17691,-0.67273,-0.032809,0.19121,-0.68357,-0.0095898,0.19001,-0.71714,0.068537,0.17113,-0.74228
4095,0.80233,-0.064618,-0.59338,-0.04674,0.98427,-0.17038,0.59505,0.16444,0.78669,12.221,-36.397,4.6046,0.088563,-0.31435,0.004729,0.94516,0.27115,-0.96243,0.014479,38.127,47.945,134.65,-662.93,0.047006,0.17714,-0.67221,-0.033391,0.19122,-0.68469,-0.0095554,0.19009,-0.71778,0.069102,0.17108,-0.74138
4096,0.81288,-0.063932,-0.57892,-0.043931,0.9844,-0.1704,0.58078,0.16394,0.79738,12.062,-35.374,4.497,0.088171,-0.30583,0.0052747,0.94798,0.27698,-0.96073,0.01657,37.124,46.987,134.56,-662.48,0.046214,0.17704,-0.67177,-0.034013,0.19114,-0.68569,-0.009564,0.19002,-0.71837,0.06953,0.17107,-0.74054
4098,0.83288,-0.061561,-0.55002,-0.042256,0.98382,-0.1741,0.55184,0.16825,0.8168,12.032,-33.368,4.2272,0.089799,-0.28902,0.0050639,0.95309,0.29667,-0.95483,0.016729,35.239,45.159,134.96,-661.25,0.044511,0.17743,-0.67063,-0.03522,0.19112,-0.68737,-0.0096182,0.19006,-0.71912,0.070186,0.1714,-0.73852
4099,0.84218,-0.060104,-0.53583,-0.038343,0.98458,-0.1707,0.53783,0.16431,0.82689,11.664,-32.4,4.0821,0.087632,-0.28085,0.0056923,0.95573,0.29781,-0.95443,0.019345,34.226,43.965,134.9,-660.69,0.043589,0.17738,-0.67005,-0.035837,0.19131,-0.6881,-0.0096651,0.19019,-0.71941,0.070522,0.17173,-0.73738
4100,0.85324,-0.055796,-0.51853,-0.040423,0.98419,-0.17242,0.51995,0.16808,0.8375,11.633,-31.234,3.7414,0.088809,-0.27086,0.0040095,0.9585,0.31153,-0.95013,0.014065,33.127,43.075,135.24,-659.98,0.042593,0.17773,-0.66927,-0.036512,0.19112,-0.68895,-0.0097373,0.19025,-0.71974,0.070838,0.17208,-0.73611
4101,0.86306,-0.055297,-0.50206,-0.036902,0.98443,-0.17186,0.50374,0.16686,0.84759,11.462,-30.136,3.6659,0.088104,-0.26162,0.0047846,0.96113,0.3191,-0.94756,0.017329,32.055,41.896,135.23,-659.46,0.041558,0.17775,-0.66863,-0.037174,0.19114,-0.68982,-0.009805,0.19039,-0.72007,0.071144,0.17208,-0.73497
4102,0.87276,-0.055174,-0.48502,-0.033507,0.98448,-0.17229,0.48699,0.16662,0.85737,11.362,-29.014,3.6173,0.08792,-0.25216,0.005621,0.96367,0.32915,-0.94404,0.021044,30.985,40.578,135.29,-658.66,0.040508,0.17778,-0.66798,-0.037797,0.19127,-0.6907,-0.0098514,0.19036,-0.72045,0.071434,0.17229,-0.73366
4103,0.88272,-0.054104,-0.46677,-0.031419,0.98433,-0.17351,0.46885,0.16783,0.86719,11.315,-27.825,3.5074,0.08832,-0.24208,0.0058696,0.96621,0.34264,-0.93919,0.022772,29.874,39.395,135.43,-658.02,0.039429,0.17792,-0.66731,-0.038408,0.19126,-0.69167,-0.0098344,0.19042,-0.7208,0.071738,0.17239,-0.73238
4104,0.8925,-0.052893,-0.44794,-0.028091,0.98465,-0.17224,0.45017,0.16631,0.87732,11.107,-26.611,3.3916,0.087361,-0.23175,0.0064001,0.96882,0.35261,-0.93541,0.025832,28.689,38.092,135.36,-657.43,0.038347,0.17786,-0.66671,-0.038984,0.19126,-0.6927,-0.0097546,0.1904,-0.72119,0.072062,0.17253,-0.73101
4105,0.90187,-0.052747,-0.42879,-0.025713,0.98421,-0.17515,0.43125,0.16899,0.88626,11.179,-25.39,3.3472,0.088594,-0.2214,0.0069595,0.97112,0.37135,-0.92803,0.029171,27.604,36.853,135.57,-656.63,0.037293,0.17803,-0.66607,-0.039471,0.1913,-0.69369,-0.009613,0.19033,-0.72161,0.072414,0.17266,-0.72966
4106,0.91117,-0.05116,-0.40885,-0.021792,0.98489,-0.17181,0.41146,0.16546,0.89628,10.851,-24.132,3.2137,0.086594,-0.21062,0.0075403,0.9737,0.38005,-0.92437,0.033094,26.341,35.475,135.43,-656.13,0.036227,0.17789,-0.66553,-0.039925,0.19139,-0.69479,-0.0094218,0.19034,-0.72207,0.072784,0.17292,-0.72818
4107,0.92023,-0.051255,-0.38802,-0.019038,0.98435,-0.17518,0.39093,0.16859,0.90485,10.957,-22.831,3.188,0.088065,-0.19955,0.0082531,0.97589,0.40346,-0.91421,0.037811,25.215,34.333,135.73,-655.42,0.035214,0.17817,-0.66489,-0.040262,0.19145,-0.6959,-0.0091773,0.19043,-0.72249,0.073149,0.17302,-0.72681
4108,0.92906,-0.04932,-0.36662,-0.016472,0.98457,-0.17419,0.36955,0.16788,0.91392,10.791,-21.507,3.0388,0.087422,-0.18814,0.0083951,0.97821,0.42104,-0.90614,0.040433,23.967,33.191,135.67,-655.02,0.034203,0.17814,-0.66438,-0.04054,0.19132,-0.69711,-0.008868,0.19043,-0.72297,0.073544,0.1731,-0.72535
4109,0.937,-0.050011,-0.34573,-0.011167,0.98491,-0.17273,0.34915,0.16571,0.9223,10.608,-20.226,3.0552,0.086309,-0.17721,0.0099059,0.98033,0.43733,-0.8979,0.050193,22.765,31.905,135.6,-654.64,0.033196,0.17808,-0.6639,-0.040798,0.19145,-0.6983,-0.0085205,0.19053,-0.7234,0.073966,0.17309,-0.72397
4110,0.9443,-0.052872,-0.32482,-0.0048341,0.98468,-0.17433,0.32906,0.16619,0.92957,10.622,-18.955,3.2047,0.086677,-0.16644,0.012228,0.98216,0.46091,-0.88506,0.065021,21.679,30.643,135.74,-654.17,0.032224,0.17821,-0.66343,-0.040956,0.19169,-0.69948,-0.0081127,0.19069,-0.72383,0.074381,0.17298,-0.72259
4111,0.9515,-0.051491,-0.30332,-0.0013289,0.9852,-0.17141,0.30766,0.1635,0.93734,10.363,-17.657,3.0976,0.085078,-0.15521,0.012743,0.98413,0.47943,-0.87464,0.071808,20.443,29.47,135.51,-653.97,0.031283,0.178,-0.66311,-0.041084,0.1916,-0.70078,-0.0076495,0.19061,-0.72438,0.074794,0.17302,-0.72122
4112,0.958,-0.052816,-0.28185,0.0026944,0.98451,-0.17533,0.28674,0.16721,0.9433,10.529,-16.371,3.1556,0.086883,-0.14422,0.01408,0.98562,0.51423,-0.85359,0.083335,19.454,28.217,135.78,-653.22,0.030432,0.17817,-0.6627,-0.041054,0.19178,-0.70197,-0.0071116,0.19042,-0.72496,0.075213,0.17322,-0.71976
4113,0.96887,-0.053023,-0.24181,0.011244,0.98521,-0.17098,0.2473,0.16294,0.95514,10.149,-13.994,3.1325,0.084444,-0.12369,0.016252,0.98859,0.56054,-0.82107,0.10788,17.329,26.262,135.49,-653.02,0.02886,0.17794,-0.66216,-0.040876,0.19176,-0.70434,-0.0060659,0.19054,-0.72582,0.07593,0.17308,-0.71729
4114,0.97334,-0.053315,-0.22307,0.014713,0.98512,-0.17125,0.22888,0.1634,0.95964,10.118,-12.889,3.1352,0.084534,-0.11416,0.017184,0.98971,0.59079,-0.79784,0.12009,16.453,25.414,135.64,-652.86,0.028114,0.17811,-0.66188,-0.040817,0.19186,-0.70546,-0.0055934,0.19073,-0.72616,0.076235,0.1731,-0.71611
4115,0.97714,-0.056717,-0.2049,0.019686,0.98376,-0.17843,0.21169,0.17031,0.96238,10.503,-11.823,3.3219,0.088034,-0.10516,0.019287,0.99036,0.63565,-0.75931,0.13926,15.921,24.342,136.03,-652.26,0.027329,0.1784,-0.66161,-0.040747,0.19197,-0.70648,-0.0051579,0.19057,-0.72663,0.07645,0.17296,-0.71506
4116,0.98405,-0.054022,-0.16951,0.024148,0.98452,-0.17358,0.17626,0.16672,0.97012,10.144,-9.7591,3.1423,0.085734,-0.087112,0.019694,0.99231,0.69252,-0.70364,0.15908,14.223,22.303,135.84,-652.23,0.02562,0.17824,-0.66135,-0.040821,0.19192,-0.7086,-0.0044868,0.19057,-0.72748,0.076633,0.17321,-0.71285
4117,0.987,-0.053806,-0.15144,0.026245,0.9836,-0.17843,0.15856,0.17213,0.97223,10.399,-8.7103,3.1204,0.088272,-0.078058,0.020157,0.99283,0.73839,-0.65295,0.16861,13.732,21.13,136.24,-651.81,0.024643,0.17857,-0.66116,-0.040937,0.19197,-0.70965,-0.0042732,0.19046,-0.72793,0.076596,0.17341,-0.7118
4118,0.98961,-0.051154,-0.13435,0.027626,0.9848,-0.17148,0.14108,0.16599,0.97598,9.9651,-7.721,2.9591,0.084894,-0.069288,0.019818,0.99378,0.76235,-0.62221,0.17797,12.787,19.963,135.83,-652.11,0.023609,0.17822,-0.66117,-0.04114,0.19186,-0.71071,-0.0041363,0.19047,-0.72833,0.076472,0.17352,-0.71078
4119,0.99193,-0.050612,-0.11625,0.029549,0.98391,-0.17622,0.1233,0.17137,0.97746,10.22,-6.6759,2.9209,0.087409,-0.060241,0.020158,0.99414,0.80894,-0.55751,0.18656,12.406,18.675,136.26,-651.69,0.02253,0.17858,-0.66098,-0.041311,0.19193,-0.71173,-0.0040288,0.19039,-0.72872,0.076297,0.17379,-0.70965
4120,0.99413,-0.046284,-0.097795,0.029145,0.98503,-0.16992,0.1042,0.16607,0.98059,9.8307,-5.6122,2.6656,0.084423,-0.050754,0.018953,0.99496,0.84161,-0.50596,0.18894,11.514,17.46,135.94,-651.97,0.021368,0.17832,-0.66096,-0.041538,0.19176,-0.71283,-0.0039502,0.19039,-0.72906,0.076053,0.17405,-0.70853
4121,0.9958,-0.044502,-0.080028,0.030091,0.98446,-0.17302,0.086484,0.16989,0.98166,9.9959,-4.5902,2.5589,0.086138,-0.041827,0.018738,0.99523,0.88281,-0.42868,0.19204,11.199,16.349,136.25,-651.73,0.020269,0.17861,-0.66077,-0.04173,0.19169,-0.71378,-0.0038605,0.19042,-0.72939,0.075808,0.17423,-0.70736
4122,0.9973,-0.04069,-0.061202,0.03,0.9856,-0.16643,0.067093,0.16414,0.98415,9.5982,-3.5088,2.3364,0.082984,-0.032207,0.017746,0.99587,0.91426,-0.35483,0.19551,10.415,15.03,135.97,-651.93,0.019119,0.17837,-0.66073,-0.041892,0.19165,-0.71484,-0.003745,0.19043,-0.7297,0.075549,0.17459,-0.70619
4123,0.9982,-0.040744,-0.043991,0.032725,0.98496,-0.16968,0.050243,0.16793,0.98452,9.7787,-2.5213,2.3374,0.084746,-0.023654,0.018442,0.99595,0.9427,-0.26312,0.20514,10.315,13.958,136.19,-651.75,0.018085,0.17859,-0.66058,-0.041986,0.19158,-0.71577,-0.0036075,0.19045,-0.73,0.075317,0.17453,-0.70509
4124,0.99895,-0.037711,-0.02611,0.032853,0.9855,-0.16646,0.032009,0.16543,0.9857,9.5853,-1.4961,2.1619,0.083282,-0.014584,0.017707,0.99626,0.96409,-0.16883,0.20498,9.9112,12.975,136.06,-651.89,0.017061,0.17851,-0.66047,-0.04204,0.19143,-0.71671,-0.003418,0.19053,-0.73021,0.075099,0.17467,-0.70402
4126,0.9994,-0.034242,0.0058908,0.034745,0.98593,-0.16351,-0.00020904,0.16361,0.98652,9.4107,0.33752,1.9624,0.08207,0.0015304,0.017308,0.99648,0.97831,0.018243,0.20632,9.6242,11.196,136.09,-651.91,0.015368,0.17857,-0.66026,-0.041941,0.19138,-0.71837,-0.0029177,0.19068,-0.73056,0.07476,0.17496,-0.70185
4128,0.99884,-0.031594,0.036374,0.037077,0.98617,-0.16156,-0.030767,0.16272,0.98619,9.3037,2.0846,1.8117,0.081364,0.016846,0.01723,0.99639,0.95883,0.19852,0.20305,9.7356,9.2195,135.93,-651.87,0.01379,0.17837,-0.6602,-0.041759,0.19124,-0.71999,-0.00236,0.19036,-0.73102,0.074402,0.17523,-0.69987
4130,0.99733,-0.029245,0.066904,0.039813,0.9859,-0.16253,-0.061208,0.16476,0.98443,9.3751,3.8362,1.6796,0.082156,0.032158,0.017335,0.99595,0.91373,0.35766,0.1928,10.317,7.5642,135.95,-651.92,0.012126,0.17842,-0.66011,-0.041588,0.19093,-0.7216,-0.0018853,0.19031,-0.73142,0.073925,0.17518,-0.69808
4132,0.99477,-0.025734,0.098893,0.041637,0.98587,-0.16228,-0.093319,0.16555,0.98178,9.3859,5.6754,1.4819,0.082347,0.048281,0.016923,0.99529,0.84942,0.49802,0.17456,11.127,5.6138,136.05,-652.09,0.010227,0.17855,-0.66015,-0.04153,0.19077,-0.72338,-0.001564,0.19034,-0.73187,0.07321,0.17542,-0.69614
4133,0.993,-0.021928,0.11608,0.040194,0.98671,-0.15744,-0.11109,0.161,0.98068,9.1202,6.6662,1.2651,0.080006,0.057077,0.015608,0.99504,0.80399,0.57358,0.15685,11.422,4.6549,135.77,-652.5,0.0091653,0.17833,-0.66027,-0.041526,0.19056,-0.72434,-0.0014426,0.1904,-0.73212,0.072798,0.17555,-0.69514
4134,0.99082,-0.021799,0.1334,0.043256,0.98615,-0.16013,-0.12807,0.16443,0.97804,9.2984,7.6663,1.2604,0.081602,0.065738,0.016356,0.99436,0.76942,0.61984,0.15422,12.176,3.3088,135.97,-652.45,0.0080243,0.17849,-0.66031,-0.041576,0.19056,-0.72535,-0.0013416,0.1903,-0.73242,0.072267,0.17563,-0.69406
4135,0.98805,-0.017667,0.1531,0.041713,0.98698,-0.15531,-0.14836,0.15984,0.97593,9.0422,8.8064,1.0244,0.079274,0.07583,0.014937,0.99385,0.71602,0.68492,0.13491,12.713,2.0055,135.67,-652.87,0.0067469,0.17823,-0.6605,-0.041565,0.19036,-0.7264,-0.0012235,0.19025,-0.73272,0.071637,0.17587,-0.69293
4136,0.9846,-0.012305,0.17436,0.040203,0.98672,-0.15739,-0.17011,0.16197,0.97202,9.1973,10.042,0.71603,0.080411,0.086735,0.013221,0.99289,0.67566,0.7288,0.11109,13.67,0.84364,135.94,-652.95,0.0054806,0.17851,-0.66058,-0.041485,0.19019,-0.72761,-0.001018,0.1903,-0.73297,0.071043,0.17632,-0.69157
4137,0.9806,-0.010699,0.1957,0.041242,0.98742,-0.15266,-0.19161,0.15777,0.96871,8.9559,11.286,0.62513,0.078231,0.097603,0.013089,0.99206,0.62202,0.77605,0.10407,14.45,-0.44466,135.67,-653.43,0.0042585,0.17828,-0.66079,-0.041251,0.19011,-0.72875,-0.00068354,0.19034,-0.73324,0.070512,0.17637,-0.69036
4138,0.97645,-0.015445,0.21519,0.049952,0.98652,-0.15586,-0.20988,0.16294,0.96406,9.1835,12.427,0.90619,0.080435,0.10725,0.0165,0.99084,0.5955,0.79402,0.12216,15.526,-1.9863,135.86,-653.42,0.0031986,0.1784,-0.6609,-0.040872,0.19024,-0.72976,-0.00022224,0.19013,-0.73351,0.070052,0.17607,-0.68917
4139,0.97179,-0.015979,0.23529,0.054661,0.98579,-0.15882,-0.22941,0.1672,0.95886,9.4045,13.609,0.942,0.082368,0.11741,0.017847,0.9895,0.56993,0.81236,0.12349,16.619,-3.1725,135.96,-653.44,0.0022222,0.17846,-0.66099,-0.040466,0.19009,-0.73086,0.00033189,0.18991,-0.73376,0.069664,0.17593,-0.68803
4140,0.967,-0.01253,0.25446,0.052884,0.98691,-0.15238,-0.24922,0.1608,0.955,9.0654,14.741,0.74235,0.079202,0.12738,0.016543,0.98855,0.52485,0.8441,0.10963,17.358,-4.0319,135.61,-653.98,0.0013358,0.17817,-0.66119,-0.040022,0.19,-0.73182,0.00084984,0.18999,-0.73388,0.069277,0.17614,-0.68673
4141,0.95702,-0.0097317,0.28985,0.056685,0.98644,-0.15404,-0.28442,0.16385,0.94459,9.2622,16.849,0.58261,0.08061,0.14562,0.016842,0.98591,0.48186,0.87045,0.10067,19.261,-5.6166,135.79,-654.38,-0.00033187,0.17838,-0.66148,-0.039073,0.18973,-0.73373,0.0017434,0.19006,-0.73414,0.068494,0.17615,-0.68464
4143,0.94732,-0.012161,0.32005,0.065337,0.9856,-0.15595,-0.31354,0.16864,0.93448,9.4742,18.666,0.73546,0.082527,0.16109,0.019704,0.98329,0.45327,0.88478,0.10822,20.98,-7.7738,135.81,-654.84,-0.0019078,0.17832,-0.66198,-0.038308,0.18963,-0.73544,0.0025367,0.18962,-0.73465,0.067636,0.17592,-0.68294
4145,0.93691,-0.0078552,0.34948,0.065124,0.98617,-0.15243,-0.34345,0.16557,0.92446,9.3627,20.455,0.48037,0.081059,0.17663,0.018603,0.98076,0.4152,0.90473,0.095287,22.516,-9.3235,135.53,-655.83,-0.0035515,0.17809,-0.6627,-0.037699,0.18928,-0.7372,0.0031416,0.18956,-0.7351,0.066638,0.17598,-0.68137
4146,0.93108,-0.0020289,0.36482,0.06392,0.98542,-0.15765,-0.35918,0.17011,0.91763,9.7484,21.397,0.12486,0.083693,0.18487,0.01684,0.97905,0.411,0.90788,0.082698,23.499,-10.02,135.82,-655.91,-0.0043961,0.17837,-0.66294,-0.037389,0.18892,-0.73821,0.0033934,0.18946,-0.73536,0.066065,0.17633,-0.68056
4148,0.91943,-0.00096319,0.39326,0.067675,0.98547,-0.15581,-0.38739,0.16987,0.90613,9.7566,23.157,0.060023,0.083414,0.19994,0.01758,0.97609,0.38376,0.91988,0.08088,25.108,-11.621,135.53,-656.88,-0.0061186,0.17813,-0.6637,-0.036777,0.18848,-0.73996,0.0038669,0.18934,-0.7358,0.064876,0.17591,-0.67919
4150,0.90611,-7.8023e-05,0.42303,0.073385,0.98487,-0.157,-0.41662,0.17331,0.89241,9.9781,25.026,0.0049336,0.084909,0.21584,0.018884,0.97255,0.36488,0.92751,0.08115,26.913,-13.903,135.71,-657.65,-0.0078385,0.17824,-0.66447,-0.035976,0.18849,-0.74169,0.0044867,0.18905,-0.73628,0.063654,0.1762,-0.67766
4152,0.89207,-0.00011613,0.45189,0.082168,0.98337,-0.16196,-0.44435,0.18161,0.87725,10.46,26.865,0.0074587,0.088676,0.23133,0.021238,0.96859,0.35663,0.93033,0.085414,28.795,-15.474,135.9,-658.32,-0.0093131,0.1784,-0.66524,-0.034971,0.18803,-0.74355,0.0053775,0.18875,-0.73673,0.06258,0.17578,-0.67626
4154,0.87823,-0.00052142,0.47824,0.085643,0.98401,-0.1562,-0.47051,0.17814,0.86423,10.245,28.571,0.034018,0.086598,0.24574,0.022318,0.9652,0.33115,0.93971,0.085343,30.319,-16.969,135.64,-659.47,-0.01062,0.17817,-0.66606,-0.033918,0.18804,-0.74497,0.0061577,0.18875,-0.737,0.061567,0.17569,-0.67486
4156,0.8649,0.0019155,0.50195,0.090043,0.98318,-0.1589,-0.49381,0.18263,0.85018,10.587,30.129,-0.12689,0.088799,0.2589,0.022913,0.96154,0.32331,0.94261,0.083424,31.883,-18.525,135.85,-660.15,-0.01194,0.17834,-0.66679,-0.033091,0.18784,-0.74644,0.0067442,0.18853,-0.73732,0.060493,0.17586,-0.67363
4158,0.85198,0.0017316,0.52358,0.095952,0.98254,-0.15938,-0.51471,0.18603,0.83694,10.782,31.573,-0.11645,0.090135,0.27094,0.024586,0.95805,0.3145,0.94537,0.085788,33.308,-19.785,135.61,-661.04,-0.013252,0.1781,-0.66764,-0.032384,0.18726,-0.74785,0.0072543,0.18819,-0.73769,0.059301,0.17522,-0.67277
4160,0.83939,0.0039124,0.54351,0.10304,0.98069,-0.1662,-0.53367,0.19551,0.82278,11.42,32.923,-0.26705,0.094758,0.28219,0.025969,0.95432,0.31713,0.94439,0.086912,34.771,-21.208,136.19,-661.3,-0.014477,0.17861,-0.66814,-0.031703,0.18705,-0.74907,0.0077115,0.18803,-0.73788,0.058203,0.17537,-0.67161
4162,0.82816,-0.0039926,0.56048,0.11099,0.98134,-0.15701,-0.5494,0.19223,0.81315,10.928,34.089,0.27622,0.091744,0.29156,0.030205,0.95166,0.2987,0.94927,0.098343,35.774,-22.824,135.73,-662.5,-0.015582,0.17814,-0.66889,-0.031075,0.1873,-0.74986,0.0080384,0.18786,-0.73804,0.057121,0.17473,-0.67093
4164,0.81695,-0.0004496,0.5767,0.11312,0.9807,-0.15948,-0.5655,0.19552,0.80124,11.257,35.219,0.031532,0.093565,0.30104,0.029932,0.94854,0.29547,0.95066,0.094524,36.923,-23.879,135.95,-662.99,-0.016599,0.17834,-0.66944,-0.030497,0.18708,-0.7508,0.0083506,0.18778,-0.73816,0.056125,0.17495,-0.67
4166,0.80646,0.0017768,0.59129,0.11408,0.98074,-0.15853,-0.58019,0.1953,0.79072,11.337,36.249,-0.12624,0.093531,0.30966,0.029685,0.94577,0.28793,0.95328,0.091382,37.912,-24.476,135.82,-663.62,-0.017437,0.17827,-0.67001,-0.029915,0.18675,-0.75173,0.0087409,0.18779,-0.73822,0.055315,0.17478,-0.66929
4169,0.7941,-0.0023885,0.60778,0.12291,0.97996,-0.15674,-0.59523,0.19917,0.77848,11.384,37.429,0.17233,0.094416,0.31913,0.03324,0.94241,0.28229,0.95417,0.099383,39.08,-25.933,135.71,-664.62,-0.018328,0.17808,-0.67087,-0.029058,0.18667,-0.75276,0.0093084,0.18733,-0.73859,0.054344,0.17435,-0.66866
4172,0.78178,-0.0015589,0.62356,0.12944,0.97862,-0.15984,-0.60998,0.20567,0.76526,11.798,38.576,0.11425,0.097332,0.32847,0.034884,0.93884,0.28264,0.95386,0.1013,40.286,-26.86,135.97,-665.5,-0.018859,0.17826,-0.67181,-0.027916,0.18649,-0.75401,0.010162,0.18698,-0.7391,0.05375,0.17441,-0.66817
