frames,r11,r21,r31,r12,r22,r32,r13,r23,r33,roll,pitch,yaw,q1,q2,q3,q4,u1,u2,u3,angle,Sx,Sy,Sz,M1x,M1y,M1z,M2x,M2y,M2z,M3x,M3y,M3z,M4x,M4y,M4z
3302,0.99868,0.026158,0.04431,-0.020941,0.99322,-0.11436,-0.047001,0.11328,0.99245,6.5733,2.5396,-1.5004,0.057023,0.022873,-0.011798,0.99804,0.91147,0.3656,-0.18858,7.1737,2.3748,142.6,-635.16,-0.0011693,0.20715,-0.66921,-0.05993,0.20772,-0.72696,-0.021101,0.20763,-0.73986,0.05768,0.2009,-0.71087
3419,0.99892,0.034091,0.031548,-0.02996,0.99193,-0.12324,-0.035495,0.12216,0.99188,7.0824,1.8079,-1.9546,0.061481,0.016797,-0.016047,0.99784,0.93545,0.25557,-0.24416,7.5368,-0.32445,143.74,-635.65,-0.0048642,0.20797,-0.67021,-0.064346,0.20753,-0.72722,-0.025699,0.20767,-0.74068,0.053531,0.20171,-0.71271
3443,0.99848,0.049886,0.023509,-0.046647,0.99137,-0.1225,-0.029418,0.12122,0.99219,7.0384,1.3471,-2.8602,0.061067,0.013262,-0.024188,0.99775,0.91134,0.19791,-0.36097,7.6843,-1.9233,144.49,-637.18,-0.0080269,0.20871,-0.6715,-0.067934,0.20724,-0.72807,-0.029455,0.2082,-0.7417,0.050089,0.20321,-0.71435
3449,0.99836,0.057039,0.00434,-0.056046,0.99052,-0.12539,-0.011451,0.12494,0.9921,7.2032,0.24866,-3.2699,0.062731,0.0039571,-0.028339,0.99762,0.90982,0.057392,-0.41101,7.9072,-3.894,144.84,-636.92,-0.010811,0.20881,-0.67156,-0.071774,0.20682,-0.72689,-0.033486,0.20776,-0.74142,0.046559,0.20376,-0.71557
3451,0.99757,0.067985,-0.015503,-0.069367,0.9902,-0.1212,0.0071116,0.12198,0.99251,6.962,-0.8883,-3.8987,0.060944,-0.0056677,-0.034423,0.99753,0.86787,-0.08071,-0.4902,8.0535,-3.9171,144.8,-637.24,-0.012524,0.20885,-0.67133,-0.074554,0.20622,-0.72548,-0.036614,0.20786,-0.74062,0.044001,0.20435,-0.71649
3453,0.99577,0.081416,-0.04265,-0.086032,0.98894,-0.12079,0.032345,0.12394,0.99176,6.9438,-2.4444,-4.6742,0.061363,-0.018804,-0.041986,0.99705,0.80011,-0.24519,-0.54745,8.797,-3.8291,144.97,-636.89,-0.014353,0.20887,-0.67074,-0.077832,0.20524,-0.72325,-0.040331,0.20746,-0.73939,0.040925,0.20494,-0.71759
3454,0.99452,0.085064,-0.060772,-0.091654,0.98907,-0.11546,0.050286,0.1204,0.99145,6.6427,-3.4841,-4.8888,0.059151,-0.027852,-0.044318,0.99688,0.74889,-0.35262,-0.56109,9.0604,-3.8743,144.77,-636.85,-0.015114,0.20873,-0.67036,-0.079516,0.20513,-0.72166,-0.042339,0.20744,-0.73848,0.03935,0.20527,-0.71808
3455,0.99272,0.089437,-0.080687,-0.098016,0.98914,-0.10951,0.070017,0.11662,0.99071,6.3075,-4.628,-5.1481,0.056725,-0.037806,-0.047025,0.99656,0.68496,-0.45651,-0.56783,9.5008,-3.9221,144.55,-636.7,-0.015855,0.20854,-0.6699,-0.081211,0.20499,-0.71981,-0.044403,0.20733,-0.73744,0.037667,0.20568,-0.71859
3456,0.98712,0.09985,-0.12502,-0.11353,0.98769,-0.10758,0.11274,0.12038,0.98631,6.2247,-7.1817,-5.776,0.057269,-0.059729,-0.053607,0.99513,0.58085,-0.6058,-0.54371,11.317,-2.8785,144.69,-636.12,-0.017085,0.20847,-0.66883,-0.084612,0.20402,-0.71581,-0.048628,0.20679,-0.73513,0.034218,0.20595,-0.72005
3457,0.98327,0.10472,-0.14908,-0.12099,0.98713,-0.10461,0.1362,0.1209,0.98328,6.0729,-8.5734,-6.0791,0.056707,-0.071736,-0.056757,0.99419,0.52689,-0.66654,-0.52736,12.357,-2.3652,144.71,-635.78,-0.017487,0.20838,-0.66829,-0.086122,0.20368,-0.71359,-0.050627,0.20647,-0.73382,0.032558,0.20626,-0.72065
3458,0.97385,0.11221,-0.19754,-0.13247,0.98686,-0.092526,0.18456,0.11627,0.97592,5.416,-11.393,-6.5726,0.052619,-0.096289,-0.06166,0.99205,0.41805,-0.76501,-0.48989,14.462,-0.93767,144.11,-635.99,-0.018156,0.20787,-0.66725,-0.088872,0.20293,-0.70903,-0.054439,0.20613,-0.73096,0.029289,0.20634,-0.72199
3459,0.96805,0.1173,-0.22163,-0.13969,0.98626,-0.088186,0.20824,0.11633,0.97114,5.1886,-12.805,-6.9089,0.051612,-0.10848,-0.064856,0.99064,0.37805,-0.79461,-0.47505,15.693,-0.0039689,143.93,-635.97,-0.018312,0.20764,-0.66673,-0.090043,0.20238,-0.70677,-0.056208,0.20577,-0.72951,0.027765,0.20639,-0.72261
3460,0.96173,0.11941,-0.24659,-0.14451,0.98573,-0.086281,0.23277,0.11862,0.96527,5.1078,-14.276,-7.0777,0.051792,-0.12117,-0.066713,0.98903,0.35066,-0.82038,-0.45168,16.987,0.72358,143.95,-635.67,-0.018398,0.20752,-0.66621,-0.091129,0.20207,-0.70435,-0.057853,0.20538,-0.72808,0.026179,0.20641,-0.72327
3461,0.95461,0.12398,-0.27083,-0.15044,0.98544,-0.079166,0.25707,0.11632,0.95937,4.7173,-15.713,-7.3997,0.049497,-0.13367,-0.069484,0.98735,0.31215,-0.84294,-0.43819,18.248,1.8463,143.74,-636.1,-0.018468,0.20737,-0.66573,-0.092127,0.20168,-0.70203,-0.059483,0.20536,-0.72646,0.024685,0.20648,-0.72391
3462,0.94746,0.12659,-0.29377,-0.15621,0.98451,-0.079562,0.27915,0.12127,0.95256,4.7745,-17.084,-7.6101,0.050949,-0.14534,-0.071742,0.98546,0.29987,-0.85544,-0.42225,19.564,2.6698,143.96,-635.77,-0.018549,0.20738,-0.66522,-0.092996,0.20128,-0.69974,-0.061025,0.20494,-0.72504,0.023184,0.20645,-0.72449
3463,0.93984,0.12975,-0.31602,-0.16113,0.98406,-0.075189,0.30123,0.12159,0.94577,4.5455,-18.422,-7.8601,0.050016,-0.15689,-0.073935,0.98357,0.27709,-0.86917,-0.4096,20.798,3.5174,143.91,-635.94,-0.018624,0.20729,-0.6648,-0.0939,0.20095,-0.69757,-0.062477,0.20476,-0.7236,0.021694,0.2065,-0.72501
3464,0.92506,0.13223,-0.35605,-0.16889,0.98287,-0.07376,0.34019,0.12836,0.93155,4.5272,-20.858,-8.135,0.051577,-0.17766,-0.076837,0.97973,0.25747,-0.88689,-0.38357,23.111,4.7374,144.06,-635.86,-0.018859,0.20716,-0.66417,-0.095375,0.20032,-0.69368,-0.065184,0.20408,-0.72111,0.018824,0.20624,-0.72618
3465,0.9171,0.13722,-0.3743,-0.17492,0.9822,-0.068486,0.35824,0.12828,0.92477,4.2354,-21.981,-8.5099,0.050311,-0.1873,-0.07981,0.97776,0.23989,-0.8931,-0.38055,24.212,5.7211,144.04,-636.62,-0.01897,0.20713,-0.66398,-0.096108,0.19984,-0.69204,-0.066408,0.20405,-0.71988,0.017516,0.20627,-0.7267
3466,0.90974,0.13776,-0.39166,-0.1785,0.98149,-0.069396,0.37485,0.13304,0.91749,4.3254,-23.058,-8.6105,0.051865,-0.19638,-0.081024,0.9758,0.23717,-0.89803,-0.37052,25.263,6.1793,144.27,-636.47,-0.019052,0.20716,-0.66382,-0.096663,0.19964,-0.69038,-0.067513,0.20367,-0.71891,0.016247,0.20623,-0.7272
3468,0.8962,0.13969,-0.42108,-0.1836,0.98083,-0.065379,0.40387,0.1359,0.90467,4.1335,-24.903,-8.8593,0.051752,-0.21211,-0.083121,0.97233,0.22153,-0.90793,-0.3558,27.02,7.2404,144.27,-637.07,-0.019094,0.20704,-0.66363,-0.097449,0.19921,-0.68766,-0.069301,0.20333,-0.7171,0.014138,0.20605,-0.72814
3470,0.88222,0.13778,-0.45022,-0.18645,0.98029,-0.065366,0.43234,0.14161,0.89052,4.1981,-26.758,-8.8763,0.05342,-0.22778,-0.083682,0.96864,0.21499,-0.91671,-0.33678,28.775,8.2176,144.29,-637.5,-0.018888,0.20686,-0.66377,-0.097975,0.19891,-0.68524,-0.070743,0.20273,-0.7156,0.012314,0.20563,-0.72932
3472,0.86768,0.13941,-0.47717,-0.18865,0.98041,-0.056598,0.45994,0.13913,0.87698,3.6926,-28.501,-9.128,0.050705,-0.24277,-0.08499,0.96502,0.19341,-0.92601,-0.32418,30.397,9.4077,143.9,-638.83,-0.01854,0.20654,-0.66403,-0.098233,0.19862,-0.68303,-0.071931,0.20256,-0.71418,0.010739,0.20551,-0.73031
3474,0.85476,0.13797,-0.50035,-0.19323,0.97931,-0.060062,0.48171,0.14802,0.86374,3.9778,-30.023,-9.1693,0.054105,-0.25535,-0.086118,0.96148,0.19685,-0.92902,-0.31332,31.907,10.721,144.33,-639.1,-0.017998,0.20664,-0.66423,-0.098188,0.19836,-0.68113,-0.072716,0.20202,-0.71304,0.009433,0.2052,-0.73133
3476,0.8421,0.13474,-0.52221,-0.19528,0.97876,-0.062368,0.50272,0.1545,0.85053,4.1939,-31.481,-9.0905,0.056591,-0.26745,-0.086119,0.95804,0.19744,-0.93313,-0.30047,33.311,11.946,144.8,-639.38,-0.017285,0.20687,-0.66454,-0.097835,0.19854,-0.67935,-0.073186,0.20178,-0.71204,0.0084735,0.20514,-0.73235
3478,0.82849,0.1321,-0.54419,-0.19603,0.97871,-0.060865,0.52457,0.1571,0.83675,4.1604,-32.97,-9.0592,0.057092,-0.27994,-0.085945,0.95446,0.19136,-0.93829,-0.28807,34.717,13.514,144.67,-640.85,-0.016484,0.20674,-0.66507,-0.097381,0.19828,-0.67782,-0.073561,0.20165,-0.711,0.0075344,0.20449,-0.73355
3480,0.80509,0.12897,-0.57896,-0.19963,0.97805,-0.059731,0.55854,0.16367,0.81317,4.2011,-35.377,-9.1012,0.058901,-0.29991,-0.08664,0.9482,0.18541,-0.94406,-0.27272,37.046,15.715,144.77,-642.46,-0.015308,0.20662,-0.66594,-0.096718,0.19801,-0.67527,-0.074255,0.20112,-0.70945,0.0058861,0.20395,-0.73527
3482,0.78768,0.12906,-0.60241,-0.20696,0.97642,-0.061431,0.58028,0.17306,0.79582,4.4141,-37.043,-9.3049,0.062142,-0.31342,-0.089046,0.94339,0.18735,-0.9449,-0.26846,38.743,17.467,145.37,-643.29,-0.014646,0.2069,-0.66615,-0.096303,0.19767,-0.67311,-0.074864,0.20079,-0.70799,0.0045139,0.20368,-0.73612
3483,0.77748,0.13526,-0.61419,-0.21166,0.97591,-0.053006,0.59222,0.17121,0.78737,3.8513,-37.893,-9.8693,0.059578,-0.32057,-0.092183,0.94084,0.17583,-0.94608,-0.27206,39.612,18.479,145.13,-644.48,-0.014311,0.20669,-0.66626,-0.096025,0.1971,-0.67202,-0.075137,0.20063,-0.70708,0.0037708,0.20377,-0.73642
3484,0.76709,0.1299,-0.62825,-0.20967,0.97627,-0.054154,0.60631,0.17327,0.77613,3.9913,-38.921,-9.6112,0.060612,-0.32903,-0.090502,0.93801,0.17488,-0.94933,-0.26112,40.558,18.978,144.97,-644.73,-0.013943,0.20649,-0.66644,-0.095731,0.19719,-0.67069,-0.075404,0.20037,-0.70616,0.0029691,0.2033,-0.73693
3485,0.7555,0.12872,-0.64238,-0.20904,0.97662,-0.050151,0.6209,0.17217,0.76475,3.752,-39.969,-9.6692,0.059444,-0.33778,-0.09031,0.935,0.16761,-0.9524,-0.25464,41.545,19.557,144.68,-645.18,-0.01354,0.20618,-0.66665,-0.095403,0.19717,-0.66933,-0.07568,0.20006,-0.70532,0.0021546,0.20323,-0.73733
3486,0.73342,0.13111,-0.66702,-0.21716,0.975,-0.047128,0.64416,0.17941,0.74355,3.6267,-41.837,-10.135,0.060965,-0.35286,-0.093724,0.92897,0.16471,-0.95329,-0.25321,43.449,21.527,145.07,-646.44,-0.012714,0.2063,-0.66689,-0.094579,0.19666,-0.6669,-0.076096,0.19965,-0.70349,0.00059141,0.20303,-0.7381
3488,0.7111,0.13371,-0.69026,-0.22536,0.9733,-0.04363,0.666,0.18658,0.72224,3.457,-43.651,-10.649,0.062364,-0.36741,-0.09727,0.92285,0.16192,-0.95394,-0.25255,45.306,23.489,145.37,-647.94,-0.011861,0.20632,-0.66728,-0.09367,0.19603,-0.66471,-0.076395,0.19916,-0.7018,-0.0008541,0.20274,-0.73891
3490,0.67541,0.13214,-0.72551,-0.23178,0.972,-0.038734,0.70007,0.19432,0.68712,3.2265,-46.511,-11.07,0.063812,-0.39034,-0.099645,0.91303,0.15645,-0.957,-0.2443,48.144,25.821,145.66,-649.67,-0.010657,0.20627,-0.66799,-0.092179,0.19577,-0.66127,-0.076794,0.19849,-0.69931,-0.0031524,0.20248,-0.73995
3491,0.65307,0.13389,-0.74537,-0.23828,0.97059,-0.034429,0.71883,0.20009,0.66577,2.9603,-48.191,-11.586,0.064653,-0.40365,-0.1026,0.90684,0.1534,-0.95771,-0.24343,49.856,27.54,145.93,-651.35,-0.009863,0.20636,-0.66836,-0.091111,0.19528,-0.65927,-0.076865,0.19823,-0.69761,-0.0044838,0.20216,-0.74058
3492,0.63213,0.13229,-0.76349,-0.23718,0.97106,-0.028117,0.73767,0.19886,0.64521,2.4953,-49.773,-11.82,0.062966,-0.41645,-0.1025,0.90117,0.14526,-0.96072,-0.23645,51.377,28.853,145.66,-652.77,-0.0088622,0.20612,-0.66896,-0.089824,0.19529,-0.65756,-0.076641,0.19806,-0.69636,-0.0054263,0.20203,-0.74123
3494,0.61539,0.13637,-0.77634,-0.24215,0.97,-0.021561,0.75011,0.20126,0.62995,1.9602,-50.927,-12.495,0.062132,-0.42564,-0.10555,0.89657,0.14028,-0.961,-0.23831,52.579,30.529,145.96,-654.41,-0.0078416,0.20634,-0.66929,-0.08851,0.19498,-0.65626,-0.076154,0.19814,-0.69518,-0.0060219,0.20212,-0.74165
3496,0.59921,0.13558,-0.78903,-0.24179,0.97018,-0.016919,0.76321,0.20092,0.61412,1.5781,-52.095,-12.749,0.061045,-0.43498,-0.10575,0.89212,0.13512,-0.96279,-0.23407,53.718,31.897,145.95,-655.72,-0.0067405,0.20637,-0.6697,-0.087132,0.19503,-0.65499,-0.075553,0.19825,-0.69414,-0.0064043,0.20206,-0.74205
3498,0.58247,0.13368,-0.80178,-0.24261,0.97002,-0.014518,0.7758,0.20297,0.59744,1.392,-53.301,-12.926,0.061272,-0.44444,-0.10601,0.8874,0.13291,-0.96408,-0.22995,54.903,33.293,146.02,-656.71,-0.005663,0.20639,-0.67,-0.085686,0.19504,-0.6536,-0.075009,0.19818,-0.69297,-0.0068277,0.20185,-0.74237
3499,0.56478,0.13708,-0.81378,-0.24726,0.96891,-0.0083983,0.78733,0.20596,0.58111,0.82799,-54.467,-13.642,0.060729,-0.4536,-0.10888,0.88244,0.12909,-0.96424,-0.23146,56.124,35.102,146.1,-657.81,-0.0044067,0.20633,-0.67013,-0.084067,0.19456,-0.65203,-0.074281,0.19783,-0.69166,-0.0072096,0.20178,-0.74246
3501,0.54574,0.13512,-0.82699,-0.24321,0.96997,-0.0020182,0.80188,0.20223,0.56222,0.20568,-55.791,-13.906,0.058211,-0.46422,-0.10782,0.8772,0.12124,-0.96689,-0.22457,57.387,36.706,145.85,-658.98,-0.002821,0.20625,-0.67033,-0.082085,0.19482,-0.65036,-0.073148,0.19808,-0.69013,-0.0072884,0.20177,-0.74251
3503,0.52968,0.13278,-0.83774,-0.24227,0.97021,0.00058942,0.81286,0.20265,0.54607,-0.061845,-56.902,-14.072,0.057888,-0.47288,-0.10745,0.87263,0.11853,-0.96827,-0.22001,58.468,38.506,145.87,-659.85,-0.0011779,0.20625,-0.67077,-0.080069,0.195,-0.64919,-0.07197,0.19803,-0.68927,-0.0070801,0.20174,-0.74281
3506,0.50989,0.13011,-0.85034,-0.23716,0.97145,0.0064347,0.8269,0.19839,0.52619,-0.70063,-58.249,-14.315,0.055344,-0.48357,-0.10589,0.86711,0.11111,-0.97081,-0.21258,59.751,40.459,145.65,-661.99,0.00084092,0.20627,-0.67176,-0.077544,0.19537,-0.64832,-0.070377,0.19848,-0.68846,-0.0068265,0.20168,-0.74362
3509,0.49223,0.12821,-0.86097,-0.2378,0.97127,0.0086787,0.83735,0.20047,0.50858,-0.97764,-59.426,-14.599,0.055625,-0.49256,-0.10615,0.86199,0.10973,-0.97165,-0.2094,60.919,41.97,145.92,-663.08,0.0021071,0.20647,-0.67225,-0.075758,0.19559,-0.64718,-0.069484,0.19856,-0.68747,-0.0071056,0.20169,-0.74401
3512,0.47753,0.12969,-0.86899,-0.23575,0.97169,0.015474,0.8464,0.19747,0.49458,-1.792,-60.342,-15.195,0.053038,-0.4999,-0.1065,0.85788,0.10322,-0.97283,-0.20725,61.842,42.788,145.76,-664.38,0.0028999,0.20646,-0.67242,-0.074559,0.19556,-0.64603,-0.068901,0.1988,-0.68641,-0.0075664,0.20175,-0.74401
3516,0.46112,0.12374,-0.87867,-0.23073,0.97289,0.015922,0.85681,0.1954,0.47717,-1.9111,-61.482,-15.021,0.052595,-0.50858,-0.10388,0.85311,0.10081,-0.97478,-0.1991,62.897,43.587,145.67,-665.64,0.0038276,0.20649,-0.67337,-0.073149,0.19615,-0.64544,-0.068312,0.19907,-0.68596,-0.0080817,0.20166,-0.74466
3520,0.44508,0.11972,-0.88745,-0.22876,0.97334,0.016574,0.86578,0.19564,0.46061,-2.0608,-62.555,-15.055,0.052765,-0.51664,-0.10269,0.84839,0.099674,-0.97593,-0.19398,63.927,44.32,145.9,-667.53,0.0045312,0.20676,-0.67473,-0.071943,0.19665,-0.64535,-0.067875,0.19942,-0.68595,-0.0087624,0.20166,-0.7458
3524,0.42926,0.11377,-0.89599,-0.22174,0.97495,0.01756,0.87554,0.19114,0.44373,-2.2662,-63.635,-14.844,0.051428,-0.52487,-0.099405,0.84379,0.095829,-0.97801,-0.18523,64.915,45.163,145.68,-669.58,0.0056568,0.20678,-0.67631,-0.070347,0.19732,-0.64546,-0.066987,0.19989,-0.68616,-0.0089368,0.2016,-0.74704
3528,0.41458,0.11044,-0.90329,-0.21738,0.97589,0.019548,0.88367,0.18825,0.42859,-2.6114,-64.593,-14.917,0.050238,-0.53215,-0.097622,0.8395,0.09246,-0.97937,-0.17967,65.825,45.813,145.51,-670.71,0.0064388,0.20674,-0.67698,-0.069027,0.19769,-0.64485,-0.066332,0.20011,-0.68562,-0.009336,0.20156,-0.74745
3533,0.4,0.10935,-0.90997,-0.21805,0.9757,0.021402,0.8902,0.18986,0.41412,-2.9585,-65.501,-15.29,0.050428,-0.53888,-0.098009,0.83514,0.091681,-0.97972,-0.17818,66.74,46.652,145.69,-672.22,0.0071278,0.20689,-0.6779,-0.067779,0.19779,-0.64457,-0.065771,0.20019,-0.68536,-0.0098009,0.20153,-0.74814
3544,0.38494,0.10598,-0.91684,-0.2137,0.97662,0.023171,0.89786,0.18701,0.39859,-3.327,-66.468,-15.394,0.049308,-0.54614,-0.096211,0.83069,0.088565,-0.98097,-0.17281,67.662,45.877,145.51,-675.43,0.0065386,0.20689,-0.68041,-0.067921,0.1981,-0.64579,-0.066486,0.20051,-0.68656,-0.011489,0.20139,-0.75022
3552,0.38757,0.10187,-0.91619,-0.21451,0.97656,0.017836,0.89653,0.18962,0.40034,-2.551,-66.376,-14.726,0.051658,-0.54513,-0.09514,0.83133,0.092949,-0.98084,-0.17119,67.528,46.065,145.69,-675.73,0.0066877,0.207,-0.68117,-0.067806,0.19834,-0.64675,-0.066335,0.20052,-0.68751,-0.011194,0.20117,-0.75108
3555,0.39047,0.09692,-0.9155,-0.2151,0.97652,0.011639,0.89514,0.19238,0.40215,-1.6577,-66.277,-13.94,0.054307,-0.54404,-0.093752,0.83204,0.097899,-0.98074,-0.16901,67.383,46.373,145.92,-675.92,0.0069659,0.20716,-0.6819,-0.06768,0.19868,-0.64762,-0.066043,0.20059,-0.68849,-0.010717,0.20096,-0.75189
3561,0.39567,0.092395,-0.91373,-0.21449,0.97671,0.0058825,0.89299,0.19366,0.40627,-0.82953,-66.026,-13.144,0.056324,-0.54193,-0.092051,0.83346,0.10193,-0.98074,-0.16659,67.087,46.065,146.13,-676.74,0.0067643,0.20741,-0.68303,-0.068014,0.19908,-0.64918,-0.066171,0.20092,-0.68995,-0.010466,0.20079,-0.75312
3569,0.40195,0.088758,-0.91135,-0.21399,0.97684,0.00075595,0.89031,0.19471,0.41163,-0.10522,-65.692,-12.452,0.058055,-0.53927,-0.090618,0.83523,0.10557,-0.98066,-0.16479,66.721,45.268,146.2,-676.89,0.0060076,0.20743,-0.68393,-0.069037,0.19934,-0.65052,-0.066895,0.20087,-0.69137,-0.010675,0.20071,-0.75406
3578,0.41272,0.089038,-0.90649,-0.22267,0.97488,-0.0056259,0.88322,0.20417,0.42218,0.76347,-65.025,-12.174,0.062579,-0.53385,-0.092978,0.83812,0.11472,-0.97867,-0.17045,66.116,44.609,146.85,-676.66,0.0049087,0.20771,-0.68434,-0.070453,0.19905,-0.65187,-0.067898,0.2005,-0.69268,-0.011042,0.20051,-0.75471
3590,0.42329,0.085828,-0.90192,-0.21645,0.97626,-0.0086834,0.87976,0.19889,0.43182,1.152,-64.411,-11.462,0.061681,-0.52942,-0.089821,0.84133,0.11412,-0.97947,-0.16618,65.438,45.011,146.75,-677.04,0.005804,0.20789,-0.68507,-0.070033,0.19967,-0.65347,-0.066907,0.20116,-0.69412,-0.009237,0.20069,-0.75544
3598,0.438,0.083014,-0.89514,-0.21579,0.97632,-0.015046,0.87269,0.19975,0.44554,1.9342,-63.526,-10.732,0.063509,-0.52268,-0.088346,0.84556,0.11896,-0.97901,-0.16548,64.537,44.734,146.67,-675.8,0.0057117,0.20784,-0.68443,-0.070571,0.19968,-0.65405,-0.06682,0.20119,-0.69466,-0.0081849,0.20031,-0.75517
3602,0.45554,0.084533,-0.88619,-0.21135,0.97729,-0.015419,0.86476,0.19432,0.46306,1.9071,-62.399,-10.513,0.061625,-0.51446,-0.086935,0.85086,0.11729,-0.97921,-0.16547,63.388,44.51,146.57,-674.37,0.0058959,0.20789,-0.68378,-0.071006,0.20003,-0.65488,-0.06644,0.20151,-0.69548,-0.0066447,0.20085,-0.75471
3604,0.46923,0.082022,-0.87926,-0.20803,0.97792,-0.019793,0.85822,0.1922,0.47593,2.3815,-61.553,-9.9152,0.061997,-0.50812,-0.084826,0.85485,0.11948,-0.97928,-0.16348,62.513,44.359,146.5,-673.2,0.0060857,0.20792,-0.68328,-0.0713,0.20034,-0.65554,-0.066094,0.20175,-0.69606,-0.0053339,0.20084,-0.75447
3607,0.48979,0.081957,-0.86798,-0.20646,0.97816,-0.024141,0.84704,0.19102,0.49602,2.7863,-60.224,-9.4993,0.062489,-0.49808,-0.083762,0.86081,0.12279,-0.97869,-0.16459,61.185,44.042,146.76,-671.7,0.0060633,0.20816,-0.68298,-0.071959,0.20077,-0.65702,-0.0658,0.20198,-0.69752,-0.0037383,0.20133,-0.75434
3609,0.50654,0.082806,-0.85823,-0.20538,0.97831,-0.026828,0.8374,0.18986,0.51256,2.9962,-59.118,-9.2842,0.062578,-0.4897,-0.083229,0.86565,0.125,-0.97813,-0.16624,60.085,43.862,146.87,-670.88,0.0061544,0.20835,-0.68262,-0.072364,0.20089,-0.65823,-0.065468,0.20228,-0.69848,-0.0023043,0.20149,-0.75418
3611,0.52308,0.082468,-0.84829,-0.20034,0.97932,-0.028331,0.8284,0.18477,0.52878,3.0668,-58.026,-8.9594,0.061199,-0.48152,-0.081219,0.87051,0.12435,-0.97842,-0.16503,58.963,43.464,146.7,-670.01,0.0062673,0.20842,-0.68212,-0.072749,0.20121,-0.65923,-0.065034,0.20278,-0.69936,-0.00079919,0.20167,-0.75383
3613,0.54511,0.085713,-0.83397,-0.19584,0.98026,-0.027263,0.81517,0.17819,0.55114,2.832,-56.509,-8.9359,0.058567,-0.47011,-0.080261,0.877,0.12189,-0.97839,-0.16704,57.435,43.087,146.76,-668.53,0.0064486,0.20873,-0.68103,-0.073116,0.20163,-0.66028,-0.064372,0.20353,-0.70008,0.0011606,0.20235,-0.75294
3615,0.57215,0.083855,-0.81585,-0.19022,0.9812,-0.032551,0.79778,0.17382,0.57735,3.227,-54.671,-8.3379,0.058316,-0.45599,-0.07745,0.88469,0.12509,-0.97814,-0.16614,55.573,42.704,146.66,-666.34,0.0067909,0.20876,-0.68023,-0.073448,0.20212,-0.66201,-0.063414,0.20383,-0.70164,0.0037937,0.20264,-0.75226
3616,0.58626,0.081318,-0.80603,-0.18816,0.98141,-0.037844,0.78797,0.17385,0.59066,3.666,-53.71,-7.897,0.059559,-0.44847,-0.075817,0.88858,0.12984,-0.97766,-0.16528,54.608,42.542,146.8,-665.43,0.0069687,0.20894,-0.68003,-0.073566,0.20244,-0.66321,-0.062896,0.20408,-0.70259,0.0051983,0.20263,-0.75217
3617,0.60127,0.08111,-0.79492,-0.18419,0.98211,-0.03911,0.77752,0.16993,0.60546,3.696,-52.647,-7.6827,0.058531,-0.44028,-0.074283,0.89287,0.12998,-0.9777,-0.16496,53.529,42.201,146.79,-664.88,0.0070967,0.2091,-0.67988,-0.073757,0.2028,-0.66455,-0.062323,0.20455,-0.70374,0.0066827,0.20291,-0.75201
3618,0.61903,0.079907,-0.78129,-0.179,0.98298,-0.041289,0.76469,0.16541,0.6228,3.7929,-51.379,-7.3553,0.057551,-0.43045,-0.072087,0.89789,0.13073,-0.9778,-0.16375,52.236,41.67,146.74,-664.06,0.0071795,0.20923,-0.67972,-0.074013,0.20326,-0.6662,-0.061674,0.20504,-0.70509,0.0083801,0.20318,-0.75182
3619,0.64051,0.076726,-0.76411,-0.17622,0.98313,-0.048996,0.74746,0.16603,0.64323,4.3559,-49.828,-6.8308,0.059484,-0.41815,-0.069973,0.90372,0.13894,-0.97672,-0.16344,50.696,41.177,147.01,-662.47,0.0072584,0.20946,-0.67947,-0.074287,0.20372,-0.66816,-0.060903,0.20523,-0.70679,0.010399,0.20332,-0.75158
3620,0.6629,0.075256,-0.74492,-0.17041,0.98399,-0.052242,0.72906,0.16158,0.6651,4.4912,-48.152,-6.4769,0.058745,-0.40496,-0.067496,0.90994,0.14164,-0.97645,-0.16275,49.005,40.539,147.03,-661.46,0.0073769,0.2097,-0.67916,-0.074474,0.20424,-0.67026,-0.059966,0.20587,-0.70845,0.012607,0.20357,-0.75115
3621,0.68524,0.072707,-0.72468,-0.16439,0.98477,-0.056647,0.70952,0.15795,0.68676,4.7154,-46.442,-6.0566,0.058564,-0.3914,-0.064706,0.91607,0.14604,-0.97603,-0.16136,47.283,39.824,147.04,-660.11,0.0074958,0.20985,-0.67879,-0.074595,0.20477,-0.67235,-0.058962,0.20633,-0.71007,0.014881,0.20377,-0.75061
3622,0.70747,0.072134,-0.70305,-0.15915,0.98549,-0.059034,0.68859,0.15365,0.70868,4.7618,-44.672,-5.8218,0.057659,-0.37727,-0.062699,0.92218,0.14908,-0.97545,-0.16211,45.507,39.104,147.03,-658.81,0.0075791,0.21001,-0.67827,-0.074697,0.2052,-0.67439,-0.057882,0.20682,-0.71156,0.017108,0.20406,-0.74989
3623,0.72876,0.071168,-0.68106,-0.15373,0.9862,-0.061438,0.66729,0.14947,0.72964,4.8131,-42.927,-5.5776,0.056819,-0.36325,-0.060587,0.92798,0.15248,-0.97484,-0.16259,43.755,38.285,147.0,-657.39,0.007608,0.21013,-0.67772,-0.074785,0.20563,-0.67634,-0.056847,0.20723,-0.71302,0.019299,0.20435,-0.74895
3624,0.75009,0.070971,-0.65752,-0.14838,0.98694,-0.062746,0.64448,0.14463,0.75082,4.7771,-41.111,-5.405,0.05552,-0.34858,-0.058727,0.93379,0.15516,-0.97416,-0.16412,41.933,37.4,147.05,-655.95,0.0075967,0.21035,-0.67702,-0.074812,0.20614,-0.67825,-0.055701,0.20779,-0.71434,0.021484,0.20479,-0.74782
3625,0.77064,0.06625,-0.63382,-0.14115,0.98762,-0.06839,0.62144,0.14217,0.77045,5.0726,-39.332,-4.9135,0.056045,-0.33411,-0.055205,0.93924,0.16328,-0.97338,-0.16083,40.15,36.432,147.08,-654.13,0.0077104,0.21046,-0.67643,-0.074632,0.20677,-0.6802,-0.054403,0.20811,-0.71578,0.023795,0.20489,-0.74681
3626,0.79038,0.064174,-0.60924,-0.13277,0.98881,-0.068089,0.59805,0.13471,0.79005,4.9258,-37.535,-4.6419,0.053671,-0.31952,-0.052122,0.94462,0.16355,-0.97367,-0.15883,38.314,35.702,146.73,-653.24,0.0080169,0.21043,-0.67593,-0.074207,0.20721,-0.68229,-0.052852,0.20872,-0.71715,0.026201,0.20496,-0.74573
3627,0.80873,0.060469,-0.58506,-0.12463,0.98973,-0.069976,0.57483,0.12951,0.80796,4.9499,-35.807,-4.2761,0.052521,-0.30538,-0.048733,0.94953,0.16744,-0.97356,-0.15536,36.562,35.015,146.53,-652.26,0.0083822,0.21047,-0.67554,-0.073662,0.20773,-0.68442,-0.051256,0.20925,-0.71853,0.02862,0.20496,-0.74477
3628,0.8254,0.054067,-0.56195,-0.11623,0.99035,-0.075433,0.55245,0.12758,0.82373,5.2323,-34.191,-3.7477,0.053206,-0.29207,-0.044632,0.95387,0.17723,-0.97288,-0.14867,34.941,34.125,146.49,-650.8,0.0086899,0.21049,-0.67524,-0.073044,0.20836,-0.6864,-0.049695,0.20947,-0.71995,0.030887,0.20488,-0.74378
3629,0.84063,0.048364,-0.53944,-0.10632,0.99136,-0.076794,0.53107,0.12191,0.83851,5.2328,-32.646,-3.2928,0.051857,-0.27938,-0.040368,0.95793,0.18068,-0.97343,-0.14065,33.358,33.208,146.28,-650.06,0.0088987,0.21054,-0.67495,-0.072509,0.20904,-0.68831,-0.048216,0.21008,-0.72119,0.032977,0.2048,-0.74288
3630,0.8553,0.043807,-0.51627,-0.10027,0.99158,-0.08197,0.50833,0.12187,0.85249,5.4923,-31.083,-2.932,0.052991,-0.26636,-0.037453,0.96169,0.19329,-0.97158,-0.13662,31.822,32.303,146.32,-648.84,0.0090298,0.21057,-0.67472,-0.07203,0.20943,-0.6903,-0.046814,0.21016,-0.72256,0.034934,0.20469,-0.74199
3631,0.86904,0.04173,-0.49298,-0.094617,0.99206,-0.082818,0.48561,0.11862,0.86609,5.4622,-29.536,-2.7491,0.052169,-0.25344,-0.035312,0.9653,0.19976,-0.97047,-0.13522,30.277,31.681,146.18,-648.4,0.0092212,0.21061,-0.67456,-0.0714,0.20968,-0.69235,-0.045329,0.21055,-0.72382,0.036871,0.20461,-0.74107
3632,0.88111,0.033263,-0.47174,-0.083494,0.9928,-0.085945,0.46548,0.11511,0.87754,5.5937,-28.147,-2.1619,0.051904,-0.24194,-0.030141,0.96843,0.20822,-0.97058,-0.12091,28.87,30.738,146.17,-647.62,0.0095543,0.21075,-0.67446,-0.070556,0.21057,-0.69417,-0.043723,0.21111,-0.72502,0.038852,0.20448,-0.74028
3633,0.89249,0.02789,-0.4502,-0.078377,0.99249,-0.093891,0.4442,0.11908,0.88798,6.0358,-26.756,-1.7899,0.054822,-0.23023,-0.027354,0.97121,0.23011,-0.96637,-0.11482,27.566,30.204,146.58,-646.49,0.0099863,0.21101,-0.67441,-0.069657,0.21102,-0.69607,-0.042073,0.21115,-0.72636,0.040808,0.20438,-0.73953
3634,0.90296,0.024857,-0.42901,-0.073283,0.99261,-0.096729,0.42344,0.11878,0.8981,6.1473,-25.405,-1.5769,0.055324,-0.21883,-0.025194,0.97387,0.24359,-0.96351,-0.11093,26.255,29.91,146.6,-646.22,0.010421,0.2111,-0.67447,-0.068697,0.21124,-0.69804,-0.040444,0.21141,-0.72762,0.042676,0.20418,-0.73885
3635,0.91205,0.017435,-0.4097,-0.063545,0.99304,-0.0992,0.40512,0.11651,0.90681,6.243,-24.186,-1.0952,0.055242,-0.20867,-0.020738,0.9762,0.25475,-0.96227,-0.095634,25.048,29.13,146.53,-645.83,0.010763,0.21115,-0.67459,-0.067781,0.21188,-0.6998,-0.038886,0.21177,-0.72876,0.044444,0.20392,-0.73826
3636,0.92075,0.012453,-0.38996,-0.057741,0.99283,-0.10463,0.38586,0.11885,0.91487,6.5242,-22.952,-0.77489,0.057108,-0.19825,-0.017937,0.97832,0.27576,-0.95732,-0.086616,23.904,28.465,146.77,-645.09,0.011091,0.21127,-0.6747,-0.066963,0.21226,-0.7016,-0.037381,0.21178,-0.73004,0.046085,0.2038,-0.73764
3637,0.92833,0.010046,-0.37162,-0.052232,0.99324,-0.10363,0.36807,0.11561,0.92258,6.4089,-21.815,-0.62,0.05591,-0.18863,-0.015882,0.98033,0.28326,-0.95566,-0.080462,22.768,28.265,146.52,-645.48,0.011439,0.21126,-0.6749,-0.065989,0.21241,-0.70338,-0.035955,0.21219,-0.73102,0.047622,0.20352,-0.73709
3638,0.9347,0.0020857,-0.35542,-0.04333,0.99319,-0.10812,0.35277,0.11646,0.92843,6.6426,-20.819,-0.12785,0.057183,-0.18032,-0.011564,0.98188,0.30173,-0.95144,-0.061015,21.85,27.274,146.72,-644.63,0.011798,0.2113,-0.6751,-0.065129,0.21312,-0.70485,-0.034523,0.21216,-0.73218,0.049097,0.20346,-0.7365
3639,0.94713,-0.0041561,-0.32081,-0.03408,0.99296,-0.11348,0.31902,0.11841,0.94032,6.8812,-18.712,0.25141,0.058859,-0.16241,-0.0075955,0.98494,0.34041,-0.93925,-0.043927,19.914,26.497,146.92,-644.34,0.012332,0.21153,-0.67541,-0.063412,0.21353,-0.708,-0.031915,0.21247,-0.73413,0.051783,0.20308,-0.73552
3640,0.95254,-0.0085637,-0.30431,-0.028392,0.99275,-0.11681,0.3031,0.1199,0.94539,7.0436,-17.716,0.5151,0.060004,-0.15397,-0.0050261,0.98624,0.36295,-0.93131,-0.030402,19.032,25.929,147.16,-643.99,0.01259,0.21171,-0.67552,-0.062615,0.21392,-0.70945,-0.030628,0.21263,-0.73502,0.053055,0.20299,-0.73489
3641,0.95772,-0.012583,-0.28742,-0.022696,0.99262,-0.11908,0.2868,0.12057,0.95037,7.1421,-16.704,0.75275,0.060672,-0.14537,-0.0025602,0.98751,0.38511,-0.92273,-0.016251,18.129,25.425,147.26,-643.75,0.012826,0.21182,-0.67556,-0.061757,0.21421,-0.71082,-0.029322,0.21282,-0.73578,0.054283,0.20279,-0.73423
3642,0.96267,-0.013912,-0.27032,-0.019282,0.99262,-0.11975,0.26999,0.12049,0.95529,7.1451,-15.684,0.82798,0.060744,-0.13662,-0.0013575,0.98876,0.40627,-0.91371,-0.0090794,17.198,25.035,147.25,-643.53,0.013028,0.21185,-0.67551,-0.060888,0.21429,-0.7121,-0.028095,0.21291,-0.73648,0.055445,0.20269,-0.73347
3644,0.97048,-0.020012,-0.24035,-0.00943,0.99264,-0.12073,0.241,0.11943,0.96315,7.1445,-13.907,1.1813,0.0606,-0.12146,0.0026703,0.99074,0.44636,-0.89464,0.019668,15.606,23.871,147.23,-642.82,0.0132,0.2119,-0.67512,-0.059574,0.21474,-0.714,-0.025997,0.2132,-0.73735,0.057366,0.20238,-0.73177
3646,0.97746,-0.020746,-0.21012,-0.0045858,0.99284,-0.11936,0.21109,0.11764,0.97036,7.0127,-12.129,1.2159,0.059694,-0.10609,0.0040705,0.99255,0.4901,-0.87103,0.033419,13.992,22.563,147.17,-642.25,0.012957,0.21191,-0.67474,-0.058534,0.21489,-0.71585,-0.024281,0.21336,-0.7381,0.058857,0.20242,-0.72994
3648,0.98309,-0.024396,-0.18148,0.0023672,0.9927,-0.12062,0.18309,0.11815,0.97597,7.0456,-10.456,1.4215,0.060058,-0.091697,0.0067314,0.99395,0.54687,-0.83497,0.061294,12.61,20.929,147.14,-641.44,0.012692,0.2118,-0.67447,-0.057595,0.21507,-0.71763,-0.022652,0.21321,-0.73899,0.060148,0.20225,-0.72828
3650,0.98743,-0.025473,-0.15597,0.006933,0.99296,-0.11828,0.15789,0.11571,0.98065,6.8773,-8.9732,1.4778,0.058784,-0.07885,0.0081413,0.99512,0.59566,-0.79899,0.082496,11.327,19.715,147.03,-641.12,0.012383,0.2118,-0.67415,-0.05674,0.21524,-0.71914,-0.021302,0.21343,-0.7395,0.061223,0.20225,-0.72668
3652,0.99102,-0.026269,-0.13114,0.011178,0.99336,-0.11451,0.13328,0.11202,0.98473,6.6331,-7.5353,1.5184,0.056853,-0.06636,0.0093983,0.99613,0.64688,-0.75506,0.10694,10.084,18.174,146.7,-640.85,0.011916,0.21154,-0.67397,-0.055989,0.21531,-0.72061,-0.02004,0.21338,-0.74009,0.062062,0.20224,-0.72516
3654,0.99376,-0.026705,-0.10829,0.014619,0.99372,-0.1109,0.11058,0.10863,0.98791,6.4052,-6.217,1.5393,0.055053,-0.054886,0.010363,0.99692,0.70197,-0.69985,0.13214,8.9962,17.25,146.67,-640.81,0.011616,0.21169,-0.67368,-0.055218,0.21559,-0.72191,-0.018829,0.21387,-0.74043,0.062923,0.20237,-0.72371
3656,0.99565,-0.030659,-0.087968,0.020359,0.99308,-0.11568,0.090906,0.11339,0.98938,6.6689,-5.0467,1.7638,0.057425,-0.044841,0.01279,0.99726,0.7763,-0.60619,0.1729,8.4844,15.77,147.1,-639.97,0.011266,0.21188,-0.67347,-0.054552,0.21587,-0.72301,-0.017801,0.21372,-0.74102,0.063588,0.2023,-0.7225
3658,0.99719,-0.031116,-0.068112,0.023056,0.99297,-0.11608,0.071245,0.11419,0.9909,6.6817,-3.9055,1.7873,0.057705,-0.034922,0.013575,0.99763,0.83871,-0.50758,0.19731,7.8903,14.815,147.2,-639.89,0.010798,0.21203,-0.67337,-0.054038,0.2159,-0.72427,-0.016966,0.2139,-0.74144,0.064032,0.20222,-0.72148
3660,0.99827,-0.031237,-0.049832,0.025301,0.99297,-0.1156,0.053093,0.11414,0.99205,6.6465,-2.8563,1.7923,0.057555,-0.025785,0.014164,0.99791,0.89042,-0.39892,0.21913,7.4121,14.134,147.21,-639.78,0.010537,0.21211,-0.67317,-0.053354,0.2159,-0.72528,-0.015997,0.21406,-0.74171,0.064601,0.20215,-0.72031
3662,0.99899,-0.033195,-0.030237,0.029564,0.9931,-0.1135,0.033796,0.11249,0.99308,6.5203,-1.7327,1.9032,0.056605,-0.016038,0.015719,0.99814,0.92952,-0.26336,0.25813,6.9825,12.922,147.13,-639.34,0.0104,0.212,-0.6729,-0.052488,0.21613,-0.72626,-0.014761,0.21401,-0.74198,0.065376,0.20221,-0.71889
3664,0.99925,-0.036848,-0.011672,0.035308,0.99306,-0.11222,0.015726,0.11172,0.99362,6.4436,-0.66879,2.1118,0.056084,-0.0068618,0.018071,0.99824,0.94542,-0.11567,0.30463,6.8017,12.058,147.07,-639.04,0.010277,0.21201,-0.6725,-0.051552,0.21635,-0.727,-0.013594,0.2142,-0.742,0.0661,0.20195,-0.71748
3667,0.9992,-0.037631,0.013293,0.038831,0.9936,-0.1061,-0.0092149,0.10653,0.99427,6.091,0.76163,2.1568,0.053244,0.005636,0.019146,0.99838,0.93637,0.099118,0.33672,6.5194,10.725,146.63,-638.75,0.0098176,0.21174,-0.67191,-0.0506,0.21641,-0.72789,-0.012255,0.21432,-0.74191,0.066734,0.20187,-0.71543
3669,0.99877,-0.037597,0.032179,0.040671,0.99406,-0.10091,-0.028194,0.1021,0.99437,5.7947,1.844,2.1558,0.050833,0.015118,0.019598,0.9984,0.89908,0.26738,0.34663,6.4823,9.5595,146.35,-638.58,0.009352,0.21159,-0.6715,-0.049969,0.21653,-0.72859,-0.011369,0.21444,-0.74182,0.067127,0.20197,-0.71386
3671,0.99777,-0.039016,0.054063,0.044522,0.99351,-0.10471,-0.049627,0.10688,0.99303,6.0191,3.0991,2.2393,0.053001,0.025973,0.020926,0.99804,0.84635,0.41476,0.33416,7.1807,7.9773,146.8,-637.46,0.0087957,0.21182,-0.6708,-0.049277,0.21667,-0.72918,-0.010402,0.21431,-0.74173,0.067443,0.20204,-0.712
3673,0.99647,-0.037482,0.075133,0.045118,0.99369,-0.10266,-0.070811,0.10569,0.99187,5.9092,4.3088,2.1541,0.052204,0.036568,0.020696,0.99775,0.77901,0.54568,0.30884,7.685,7.1105,146.59,-636.99,0.0082629,0.21172,-0.67008,-0.048591,0.21644,-0.72975,-0.0095029,0.21436,-0.74141,0.067716,0.20191,-0.71009
3675,0.99475,-0.039974,0.094232,0.049043,0.99417,-0.095975,-0.089846,0.10009,0.99091,5.5321,5.4071,2.3012,0.049141,0.046136,0.022311,0.99748,0.69212,0.64979,0.31423,8.1429,5.6566,146.16,-636.72,0.0076067,0.21148,-0.66943,-0.048044,0.21667,-0.73011,-0.0087102,0.21455,-0.74096,0.067864,0.20179,-0.70818
3677,0.99193,-0.044284,0.11876,0.055678,0.99398,-0.094405,-0.11387,0.10026,0.98842,5.4558,6.8206,2.5562,0.048822,0.058344,0.025071,0.99679,0.60951,0.72838,0.31299,9.1887,3.6323,145.99,-636.05,0.0068906,0.21124,-0.66879,-0.047218,0.21677,-0.73078,-0.0075933,0.21432,-0.74073,0.068094,0.20144,-0.70609
3679,0.98518,-0.050398,0.16396,0.066777,0.99314,-0.095973,-0.15799,0.1055,0.98179,5.5831,9.4366,2.9285,0.050621,0.080892,0.029441,0.995,0.5069,0.81002,0.29481,11.463,0.66689,146.19,-634.71,0.0058348,0.21127,-0.66754,-0.04537,0.21687,-0.73196,-0.0053568,0.21413,-0.74015,0.0686,0.20088,-0.70218
3680,0.9821,-0.050765,0.18137,0.068205,0.99349,-0.091249,-0.17555,0.10199,0.97917,5.324,10.449,2.959,0.048584,0.089739,0.029912,0.99433,0.45687,0.84389,0.28129,12.209,-0.091674,145.78,-634.83,0.0053653,0.21106,-0.6672,-0.044676,0.21677,-0.73253,-0.0045493,0.21427,-0.73991,0.068746,0.20062,-0.70068
3681,0.97846,-0.048736,0.20059,0.067626,0.99378,-0.08842,-0.19504,0.10008,0.97568,5.1783,11.572,2.8515,0.047435,0.099557,0.029282,0.99347,0.41573,0.87253,0.25663,13.104,-1.1281,145.55,-634.67,0.0048988,0.21087,-0.66686,-0.043862,0.21659,-0.7332,-0.0036267,0.21413,-0.73974,0.068881,0.20069,-0.69906
3682,0.97426,-0.051893,0.21937,0.072663,0.99349,-0.087693,-0.21339,0.10138,0.97169,5.1569,12.672,3.0489,0.047629,0.10902,0.031378,0.9924,0.38711,0.88606,0.25502,14.135,-2.4189,145.51,-634.36,0.0044387,0.21079,-0.66647,-0.043028,0.21664,-0.73372,-0.002652,0.21404,-0.73955,0.069034,0.20037,-0.69749
3683,0.96971,-0.055007,0.238,0.078096,0.99299,-0.088694,-0.23145,0.10459,0.96721,5.2394,13.769,3.2466,0.048751,0.11841,0.033571,0.9912,0.36827,0.89446,0.2536,15.214,-3.455,145.71,-633.94,0.003987,0.21097,-0.66597,-0.04219,0.21672,-0.73418,-0.0017261,0.21415,-0.7392,0.069143,0.20005,-0.69587
3684,0.96503,-0.053527,0.25661,0.078843,0.99287,-0.089395,-0.25,0.1065,0.96237,5.307,14.869,3.1748,0.049469,0.12793,0.033427,0.98998,0.3504,0.90618,0.23677,16.232,-4.548,145.68,-633.57,0.0035639,0.21084,-0.66564,-0.041305,0.21644,-0.73474,-0.00077136,0.21382,-0.73903,0.069233,0.2,-0.69427
3685,0.9599,-0.058213,0.27422,0.084773,0.99268,-0.086013,-0.2672,0.10581,0.95781,5.1315,15.915,3.4704,0.048502,0.1369,0.036154,0.98874,0.32407,0.91467,0.24156,17.215,-6.066,145.63,-633.46,0.003085,0.21076,-0.6653,-0.040459,0.21675,-0.73514,0.00015024,0.21384,-0.73871,0.069289,0.19979,-0.69272
3686,0.95461,-0.058733,0.29202,0.086374,0.99283,-0.082669,-0.28507,0.10414,0.95283,4.9587,16.979,3.5208,0.047296,0.14611,0.036738,0.98745,0.29952,0.92529,0.23266,18.17,-6.9526,145.23,-633.59,0.0026207,0.21046,-0.66509,-0.039603,0.21651,-0.73573,0.0010445,0.21372,-0.73844,0.069314,0.19943,-0.69119
3687,0.9491,-0.05836,0.30953,0.087607,0.99282,-0.081433,-0.30256,0.10441,0.94739,4.9128,18.031,3.5187,0.047116,0.15519,0.037008,0.98607,0.28324,0.93289,0.22247,19.151,-8.0685,145.13,-633.38,0.0022294,0.2103,-0.66477,-0.038696,0.21637,-0.73616,0.0020131,0.21349,-0.73815,0.069381,0.19938,-0.68965
3689,0.93871,-0.061325,0.3392,0.094314,0.99219,-0.081629,-0.33154,0.10862,0.93717,4.978,19.828,3.7377,0.048366,0.17052,0.039568,0.98337,0.26632,0.93894,0.21787,20.927,-9.6992,145.23,-632.7,0.0015914,0.21034,-0.66388,-0.037078,0.21627,-0.73661,0.0036526,0.21338,-0.73729,0.069421,0.19891,-0.68673
3691,0.92869,-0.066967,0.36476,0.10136,0.99195,-0.075954,-0.35674,0.10751,0.928,4.6791,21.393,4.1244,0.046759,0.18389,0.042901,0.9809,0.24037,0.9453,0.22054,22.434,-11.718,144.9,-632.35,0.00082998,0.21002,-0.66303,-0.035773,0.21638,-0.73671,0.0049605,0.21323,-0.73633,0.069243,0.19837,-0.68401
3693,0.9184,-0.066946,0.38996,0.10312,0.99202,-0.07255,-0.38199,0.10684,0.91797,4.5189,22.952,4.1692,0.045842,0.19726,0.043459,0.97831,0.22132,0.95236,0.20981,23.909,-13.202,144.48,-631.98,-3.1324e-05,0.20968,-0.66222,-0.034621,0.21601,-0.73693,0.006075,0.213,-0.73538,0.06893,0.19795,-0.68143
3695,0.90883,-0.069691,0.41129,0.10772,0.99171,-0.069991,-0.40301,0.10792,0.90881,4.4039,24.286,4.3849,0.045576,0.20861,0.045449,0.97588,0.20877,0.95555,0.20818,25.22,-15.114,144.55,-631.44,-0.00079643,0.20964,-0.6614,-0.033601,0.21616,-0.73688,0.0070282,0.21287,-0.73448,0.068596,0.19784,-0.67898
3697,0.89977,-0.069023,0.43086,0.10728,0.99209,-0.065109,-0.42296,0.10481,0.90007,4.1375,25.522,4.3867,0.043629,0.21923,0.04527,0.97364,0.1913,0.96125,0.19849,26.367,-16.321,144.15,-631.38,-0.0015262,0.20936,-0.66086,-0.032701,0.216,-0.73703,0.0078809,0.21281,-0.73363,0.068215,0.19772,-0.6768
3699,0.8901,-0.068899,0.45052,0.10922,0.99195,-0.064096,-0.44248,0.10626,0.89046,4.1171,26.777,4.4262,0.043854,0.22988,0.045854,0.97115,0.18389,0.96396,0.19228,27.593,-17.796,144.09,-631.08,-0.0021894,0.20921,-0.66032,-0.031682,0.21581,-0.73717,0.0088023,0.21251,-0.73293,0.06787,0.19759,-0.67475
3701,0.88172,-0.074366,0.46588,0.11436,0.99174,-0.058125,-0.45771,0.10453,0.88294,3.7664,27.767,4.8211,0.041961,0.23826,0.048687,0.96907,0.17003,0.96549,0.19729,28.574,-18.833,143.83,-631.11,-0.0026046,0.20905,-0.6598,-0.030707,0.21602,-0.73709,0.0096951,0.21264,-0.73214,0.067679,0.1971,-0.67307
3703,0.87347,-0.072752,0.48141,0.11627,0.99133,-0.061146,-0.47279,0.10938,0.87436,4.0003,28.778,4.7612,0.044094,0.24673,0.048876,0.96685,0.17267,0.9662,0.1914,29.59,-19.558,144.02,-630.67,-0.0029522,0.20913,-0.65938,-0.029732,0.21568,-0.73735,0.01056,0.21241,-0.73161,0.067511,0.19696,-0.6715
3704,0.86495,-0.078413,0.49569,0.1229,0.99074,-0.057735,-0.48657,0.11086,0.86658,3.8117,29.715,5.1801,0.043693,0.25456,0.052173,0.96466,0.16582,0.96607,0.198,30.556,-20.937,143.98,-630.86,-0.0032508,0.20896,-0.65922,-0.028676,0.21584,-0.7375,0.0115,0.21219,-0.73122,0.067342,0.19654,-0.67016
3707,0.85226,-0.077959,0.51727,0.12483,0.99057,-0.056384,-0.508,0.11263,0.85396,3.7775,31.149,5.2265,0.043951,0.26662,0.052736,0.96135,0.15964,0.96841,0.19155,31.962,-21.488,143.8,-630.99,-0.0035892,0.20888,-0.65898,-0.027082,0.21547,-0.73805,0.012915,0.21213,-0.73054,0.067188,0.19611,-0.66819
3709,0.8435,-0.087131,0.53001,0.13453,0.98957,-0.051419,-0.52,0.11467,0.84643,3.4763,32.006,5.8975,0.043293,0.2737,0.057778,0.9591,0.15295,0.96692,0.20412,32.886,-23.441,143.92,-631.26,-0.0037379,0.20867,-0.65881,-0.02592,0.21597,-0.73799,0.013945,0.21175,-0.73014,0.067143,0.19575,-0.66687
3711,0.83304,-0.084847,0.54667,0.13362,0.98977,-0.050002,-0.53683,0.1147,0.83586,3.4234,33.139,5.8156,0.043054,0.28323,0.057109,0.95638,0.14738,0.96957,0.1955,33.97,-23.343,143.52,-631.44,-0.0039534,0.2085,-0.65866,-0.024612,0.21541,-0.73843,0.015085,0.21173,-0.72954,0.06702,0.19529,-0.66536
3713,0.81953,-0.088231,0.56621,0.13942,0.98908,-0.04767,-0.55582,0.11801,0.82288,3.3155,34.486,6.1449,0.043471,0.2944,0.059731,0.95282,0.14322,0.96993,0.19679,35.339,-24.552,143.59,-631.7,-0.0041504,0.20844,-0.65851,-0.02289,0.21539,-0.73872,0.016584,0.21149,-0.72894,0.06693,0.19492,-0.66352
3715,0.80243,-0.093753,0.58933,0.14851,0.98788,-0.04505,-0.57797,0.12367,0.80663,3.1966,36.11,6.664,0.04448,0.30774,0.063868,0.94828,0.14013,0.96948,0.2012,37.015,-25.945,143.76,-631.75,-0.0041789,0.20836,-0.65805,-0.020581,0.21537,-0.73877,0.018588,0.21111,-0.72796,0.066949,0.19434,-0.66109
3718,0.7911,-0.096102,0.60409,0.15115,0.98767,-0.040819,-0.59272,0.1236,0.79587,2.9361,37.163,6.9263,0.043482,0.3165,0.065388,0.94534,0.13334,0.97057,0.20051,38.064,-26.526,143.58,-632.05,-0.0041147,0.20817,-0.65784,-0.018981,0.21534,-0.73885,0.019919,0.21097,-0.72725,0.067022,0.19404,-0.65955
