frames,r11,r21,r31,r12,r22,r32,r13,r23,r33,roll,pitch,yaw,q1,q2,q3,q4,u1,u2,u3,angle,Sx,Sy,Sz,M1x,M1y,M1z,M2x,M2y,M2z,M3x,M3y,M3z,M4x,M4y,M4z
5100,0.99994,-0.0090173,-0.0064577,0.0087853,0.99935,-0.035092,0.00677,0.035033,0.99936,2.0111,-0.37,0.51667,0.017534,-0.0033075,0.0044514,0.99983,0.95345,-0.17985,0.24205,2.1075,-10.537,133.02,-675.53,-0.010927,0.18202,-0.6851,-0.068803,0.19647,-0.74241,-0.029804,0.19744,-0.75457,0.04811,0.18113,-0.72719
5140,0.99984,-0.014282,-0.010768,0.013712,0.99859,-0.051285,0.011486,0.051129,0.99863,2.9399,-0.617,0.81838,0.025613,-0.0055656,0.0070011,0.99963,0.9441,-0.20515,0.25806,3.1092,-9.2181,132.45,-676.61,-0.0093418,0.18129,-0.68701,-0.067423,0.19514,-0.74426,-0.028448,0.19567,-0.75676,0.049522,0.17951,-0.72954
5192,0.99983,-0.01434,0.011857,0.014713,0.99938,-0.03196,-0.011392,0.032129,0.99942,1.8316,0.67938,0.82172,0.016025,0.0058132,0.0072645,0.99983,0.86481,0.31371,0.39203,2.1235,-10.334,130.78,-674.48,-0.010267,0.17981,-0.68393,-0.067004,0.19474,-0.74224,-0.027798,0.19553,-0.75376,0.049557,0.17877,-0.72507
5195,0.99919,-0.019456,0.035204,0.020611,0.99925,-0.032745,-0.034541,0.033444,0.99884,1.8776,2.0175,1.1155,0.016553,0.017442,0.01002,0.99966,0.63541,0.66955,0.38464,2.9855,-11.151,130.68,-674.03,-0.010515,0.17968,-0.68359,-0.065807,0.19488,-0.7432,-0.026309,0.19536,-0.75387,0.050225,0.17837,-0.72331
5198,0.99695,-0.02669,0.073302,0.029014,0.9991,-0.030824,-0.072414,0.032857,0.99683,1.7711,4.2037,1.5335,0.015934,0.036461,0.013939,0.99911,0.37793,0.8648,0.3306,4.8328,-12.145,130.57,-673.76,-0.010764,0.17958,-0.68324,-0.063632,0.19524,-0.74492,-0.023758,0.19542,-0.75404,0.051403,0.17788,-0.72056
5200,0.99456,-0.036069,0.097709,0.039144,0.99879,-0.029736,-0.096518,0.033399,0.99477,1.7122,5.6073,2.077,0.015807,0.048629,0.018831,0.99851,0.29009,0.89242,0.34558,6.2473,-12.94,130.58,-673.69,-0.010916,0.17958,-0.68309,-0.062118,0.19572,-0.74603,-0.022002,0.19557,-0.75419,0.052171,0.17725,-0.71884
5201,0.99096,-0.04257,0.12719,0.04683,0.99843,-0.030691,-0.12568,0.03637,0.9914,1.7731,7.3072,2.4598,0.016806,0.06337,0.022404,0.9976,0.24256,0.91466,0.32337,7.9456,-13.702,130.65,-673.51,-0.01112,0.17962,-0.68293,-0.06032,0.19594,-0.74743,-0.020025,0.19554,-0.75434,0.052953,0.17674,-0.71684
5202,0.98788,-0.047717,0.14773,0.052682,0.99816,-0.029878,-0.14603,0.037298,0.98858,1.7311,8.4954,2.7654,0.016848,0.073675,0.02518,0.99682,0.21149,0.92486,0.31609,9.1381,-14.362,130.7,-673.43,-0.01129,0.17965,-0.68281,-0.05905,0.19622,-0.74831,-0.018632,0.19559,-0.75441,0.053451,0.17646,-0.71539
5204,0.97997,-0.058384,0.19041,0.065527,0.99736,-0.031429,-0.18807,0.043276,0.9812,1.8346,10.977,3.4095,0.018774,0.095116,0.03114,0.9948,0.18437,0.93407,0.3058,11.689,-15.661,131.02,-673.19,-0.011707,0.1799,-0.68259,-0.056398,0.1967,-0.75017,-0.01578,0.19565,-0.7545,0.054358,0.17577,-0.71243
5205,0.97514,-0.065506,0.2117,0.074165,0.99669,-0.033218,-0.20883,0.048093,0.97677,1.9477,12.222,3.8431,0.02046,0.10581,0.035144,0.99355,0.18048,0.93344,0.31002,13.018,-16.555,131.11,-673.07,-0.011943,0.17992,-0.68256,-0.05506,0.19687,-0.75114,-0.014302,0.19543,-0.75462,0.054763,0.17522,-0.71099
5207,0.96411,-0.075749,0.25447,0.086493,0.99576,-0.031283,-0.25103,0.05217,0.96657,1.8537,14.742,4.4924,0.021058,0.12755,0.040939,0.99076,0.15529,0.94061,0.30189,15.587,-18.084,131.28,-673.13,-0.012491,0.18001,-0.68249,-0.05235,0.19731,-0.75289,-0.011497,0.1954,-0.75461,0.055365,0.17455,-0.70791
5208,0.9579,-0.079082,0.27601,0.090501,0.99548,-0.028864,-0.27248,0.052628,0.96072,1.7209,16.022,4.7195,0.020595,0.13862,0.042859,0.9892,0.14054,0.9459,0.29246,16.854,-18.475,131.14,-673.41,-0.012788,0.1799,-0.68255,-0.050997,0.19724,-0.75388,-0.010166,0.19542,-0.75455,0.055567,0.17401,-0.70654
5210,0.94482,-0.086438,0.31598,0.099098,0.99478,-0.024186,-0.31224,0.054165,0.94846,1.4608,18.42,5.2272,0.019868,0.1593,0.047047,0.98591,0.11877,0.95226,0.28124,19.26,-19.962,131.11,-673.71,-0.013425,0.17981,-0.68257,-0.048454,0.19752,-0.75538,-0.0076571,0.1953,-0.75436,0.055776,0.17348,-0.70351
5211,0.93772,-0.095495,0.334,0.10951,0.99371,-0.023328,-0.32967,0.05845,0.94228,1.4182,19.512,5.8148,0.020775,0.1686,0.052079,0.98409,0.11693,0.9489,0.29311,20.469,-21.191,131.3,-673.65,-0.013814,0.17989,-0.68248,-0.047287,0.19796,-0.75598,-0.0065183,0.19517,-0.75424,0.05578,0.173,-0.70216
5213,0.92262,-0.10033,0.37243,0.11782,0.99273,-0.024434,-0.36728,0.066425,0.92774,1.5087,21.866,6.2065,0.023174,0.18867,0.055642,0.98019,0.117,0.95257,0.28093,22.847,-22.598,131.6,-673.51,-0.014719,0.18012,-0.68227,-0.045053,0.19789,-0.75718,-0.0043662,0.19501,-0.75376,0.055567,0.17245,-0.69914
5214,0.91445,-0.10228,0.39156,0.11986,0.99258,-0.020635,-0.38655,0.065802,0.91992,1.285,23.052,6.3821,0.022092,0.19888,0.056777,0.97813,0.10621,0.95614,0.27297,24.01,-23.346,131.55,-673.64,-0.015205,0.18007,-0.68217,-0.043911,0.19798,-0.75768,-0.0033809,0.19502,-0.75334,0.055405,0.1723,-0.69755
5216,0.89722,-0.11109,0.42737,0.13015,0.99137,-0.015529,-0.42196,0.069555,0.90394,0.98423,25.301,7.0584,0.021845,0.21806,0.061938,0.97372,0.095922,0.95751,0.27197,26.328,-25.383,131.6,-673.56,-0.01621,0.17999,-0.68177,-0.041751,0.1983,-0.75834,-0.0014082,0.19474,-0.75246,0.054879,0.17173,-0.69427
5217,0.88808,-0.11098,0.4461,0.13103,0.99128,-0.014242,-0.44063,0.071102,0.89487,0.91182,26.494,7.1232,0.021965,0.22822,0.062287,0.97137,0.092453,0.96058,0.26217,27.488,-25.779,131.56,-673.44,-0.016717,0.18,-0.6815,-0.040645,0.19806,-0.75867,-0.00046878,0.19476,-0.75185,0.054579,0.17144,-0.69259
5219,0.86945,-0.12124,0.47892,0.14213,0.98982,-0.0074452,-0.47314,0.074542,0.87783,0.48594,28.615,7.9387,0.021206,0.24624,0.06812,0.96658,0.082714,0.9605,0.26571,29.71,-27.592,131.48,-673.3,-0.017732,0.17983,-0.68092,-0.038544,0.19826,-0.7589,0.0013025,0.19453,-0.75059,0.05389,0.17051,-0.68942
5220,0.86015,-0.12809,0.49369,0.14802,0.98898,-0.0012976,-0.48809,0.074195,0.86963,0.085491,29.584,8.4702,0.019574,0.25456,0.071592,0.96421,0.073819,0.96003,0.27,30.753,-28.539,131.34,-673.43,-0.018189,0.17964,-0.6807,-0.037525,0.1985,-0.75892,0.0021874,0.19444,-0.74997,0.053509,0.16999,-0.68794
5222,0.83983,-0.13082,0.52685,0.15456,0.98798,-0.0010586,-0.52038,0.082316,0.84996,0.071357,31.793,8.8534,0.021738,0.27303,0.074402,0.95888,0.076588,0.96198,0.26214,32.977,-30.156,131.64,-673.05,-0.019347,0.17987,-0.68018,-0.03556,0.19835,-0.75926,0.0037408,0.1942,-0.74875,0.052541,0.16961,-0.68472
5223,0.8293,-0.13807,0.54147,0.15927,0.98721,0.0077959,-0.53562,0.079773,0.84068,-0.53131,32.784,9.4522,0.018819,0.28161,0.077739,0.95619,0.064282,0.96195,0.26555,34.045,-31.31,131.46,-673.48,-0.019984,0.17963,-0.68011,-0.034632,0.19872,-0.75925,0.004438,0.19419,-0.74812,0.051952,0.16916,-0.6833
5255,0.84964,-0.11612,0.51443,0.14137,0.98991,-0.010047,-0.50807,0.08126,0.85748,0.6713,30.959,7.7821,0.023744,0.26589,0.066957,0.96138,0.086272,0.96611,0.24329,31.95,-34.887,131.83,-671.59,-0.024635,0.1801,-0.67922,-0.042326,0.19792,-0.75812,-0.0028238,0.19419,-0.74821,0.0473,0.17091,-0.68473
5256,0.86347,-0.11104,0.49202,0.13596,0.9906,-0.015048,-0.48572,0.079889,0.87046,0.99038,29.473,7.3278,0.024596,0.25331,0.063993,0.96495,0.093726,0.96527,0.24385,30.428,-33.929,131.79,-671.15,-0.024194,0.18012,-0.67911,-0.044045,0.19769,-0.75748,-0.0042597,0.19423,-0.74865,0.047626,0.17124,-0.68652
5258,0.90158,-0.096578,0.4217,0.11707,0.99286,-0.022913,-0.41647,0.070028,0.90645,1.448,24.942,6.1143,0.023836,0.21496,0.054794,0.97479,0.10683,0.96347,0.24559,25.784,-30.893,131.61,-670.19,-0.022685,0.18011,-0.67875,-0.048982,0.19744,-0.75526,-0.008592,0.19469,-0.74963,0.048445,0.17248,-0.69184
5259,0.91304,-0.089421,0.39795,0.1102,0.99347,-0.029592,-0.39271,0.070871,0.91693,1.8484,23.45,5.5936,0.025689,0.20218,0.051044,0.97768,0.12227,0.9623,0.24295,24.256,-29.771,131.72,-669.71,-0.022158,0.18026,-0.67865,-0.050592,0.19711,-0.75455,-0.010061,0.19469,-0.74993,0.048643,0.17297,-0.69361
5261,0.93505,-0.078474,0.34571,0.095569,0.99489,-0.032656,-0.34138,0.063575,0.93777,1.9944,20.225,4.7973,0.024466,0.17469,0.044249,0.98332,0.13453,0.96057,0.24331,20.956,-27.656,131.52,-669.38,-0.021227,0.18018,-0.67858,-0.054091,0.19682,-0.75268,-0.013343,0.19494,-0.75031,0.048662,0.17381,-0.69745
5262,0.95435,-0.063713,0.29181,0.077869,0.99627,-0.037144,-0.28835,0.058171,0.95576,2.2256,16.966,3.8194,0.024113,0.14677,0.035817,0.98823,0.15761,0.95935,0.23412,17.6,-26.123,131.24,-668.95,-0.020566,0.17992,-0.67856,-0.057857,0.19623,-0.75055,-0.016966,0.19463,-0.75066,0.048236,0.17499,-0.70126
5263,0.96313,-0.057789,0.26277,0.070951,0.99664,-0.04087,-0.25953,0.058007,0.96399,2.4277,15.235,3.4337,0.024958,0.13184,0.032496,0.99042,0.18078,0.95494,0.23538,15.871,-25.136,131.3,-668.62,-0.020261,0.18002,-0.67843,-0.059832,0.19597,-0.74933,-0.018951,0.19469,-0.75064,0.04788,0.17537,-0.70331
5264,0.97136,-0.04834,0.23264,0.059842,0.9973,-0.042637,-0.22995,0.055338,0.97163,2.5126,13.452,2.849,0.024679,0.11652,0.02725,0.99251,0.20198,0.95366,0.22303,14.036,-23.849,131.24,-668.43,-0.019927,0.18002,-0.67832,-0.061825,0.1955,-0.74794,-0.021008,0.19477,-0.75049,0.047459,0.17591,-0.70532
5265,0.97859,-0.03721,0.20241,0.047224,0.99788,-0.044873,-0.20031,0.053471,0.97827,2.6263,11.678,2.1775,0.024726,0.10126,0.021229,0.99433,0.23245,0.95191,0.19957,12.212,-22.463,131.25,-668.2,-0.019529,0.18009,-0.67818,-0.063738,0.19499,-0.74654,-0.023066,0.19483,-0.75028,0.046962,0.17661,-0.70726
5266,0.98459,-0.030917,0.17215,0.039324,0.99818,-0.045639,-0.17043,0.051705,0.98401,2.6555,9.913,1.7985,0.024438,0.086003,0.017633,0.99584,0.26816,0.94374,0.1935,10.457,-21.659,131.18,-667.99,-0.019119,0.18001,-0.67811,-0.065516,0.19477,-0.74504,-0.024959,0.19467,-0.7501,0.046466,0.17717,-0.70915
5267,0.99353,-0.017256,0.11229,0.022394,0.99875,-0.044659,-0.11138,0.046884,0.99267,2.5759,6.4473,0.99504,0.022929,0.056022,0.0099312,0.99812,0.37379,0.91327,0.1619,7.0337,-19.228,130.75,-668.21,-0.01805,0.17965,-0.67828,-0.068583,0.19386,-0.74219,-0.028408,0.19441,-0.74969,0.0456,0.17776,-0.71319
5268,0.99658,-0.01421,0.081431,0.018186,0.99867,-0.048289,-0.080636,0.049604,0.99551,2.7771,4.6708,0.81693,0.024502,0.040564,0.0081084,0.99884,0.50962,0.84371,0.16865,5.5114,-18.206,131.0,-667.97,-0.01744,0.17987,-0.67824,-0.069969,0.19377,-0.74058,-0.030061,0.19437,-0.74938,0.045127,0.17809,-0.71517
5269,0.99863,-0.0047721,0.052148,0.0075499,0.99856,-0.053201,-0.051819,0.053522,0.99722,3.0538,2.9892,0.2738,0.026699,0.02601,0.0030827,0.9993,0.71386,0.69542,0.082421,4.2869,-16.718,131.13,-667.73,-0.016769,0.17996,-0.6782,-0.071265,0.19306,-0.73907,-0.031599,0.19404,-0.74902,0.044631,0.17853,-0.71696
5270,0.99975,0.0031406,0.022174,-0.0021384,0.99898,-0.045078,-0.022293,0.04502,0.99874,2.5843,1.2706,-0.17999,0.022532,0.01112,-0.0013202,0.99968,0.89549,0.44197,-0.052468,2.8836,-15.376,130.7,-668.21,-0.016079,0.1796,-0.67829,-0.072465,0.19277,-0.73737,-0.033145,0.1941,-0.74845,0.044129,0.17901,-0.71865
5271,0.99994,0.0085635,-0.0061823,-0.0088295,0.99898,-0.044367,0.005796,0.04442,0.999,2.543,-0.35422,-0.49067,0.022203,-0.0029953,-0.0043494,0.99974,0.97286,-0.13125,-0.19058,2.6154,-14.247,130.62,-668.2,-0.015451,0.17952,-0.67826,-0.073544,0.19243,-0.73566,-0.034541,0.19393,-0.74789,0.043641,0.17933,-0.72036
5272,0.99779,0.017967,-0.063998,-0.021052,0.99863,-0.047848,0.06305,0.04909,0.9968,2.7482,-3.6693,-1.0316,0.024255,-0.031789,-0.009763,0.99915,0.58929,-0.77232,-0.23719,4.7179,-11.843,130.76,-667.89,-0.014002,0.17958,-0.67813,-0.075456,0.19174,-0.73215,-0.037252,0.19346,-0.74666,0.042546,0.17985,-0.72358
5273,0.99554,0.02354,-0.091357,-0.027606,0.99867,-0.043497,0.090212,0.045825,0.99487,2.5035,-5.2417,-1.3545,0.022361,-0.045454,-0.012804,0.99863,0.42796,-0.86994,-0.24505,5.9901,-10.587,130.48,-668.16,-0.013289,0.17933,-0.67814,-0.07626,0.19135,-0.73039,-0.038478,0.19333,-0.74594,0.041944,0.18007,-0.72512
5274,0.9926,0.032933,-0.11685,-0.038351,0.99828,-0.044425,0.11519,0.048577,0.99216,2.5638,-6.7104,-1.9003,0.0233,-0.058133,-0.017859,0.99788,0.35777,-0.89263,-0.27423,7.468,-9.1254,130.6,-668.18,-0.012657,0.17941,-0.67809,-0.077024,0.19065,-0.72872,-0.039704,0.19308,-0.74525,0.041337,0.18049,-0.72653
5275,0.98897,0.035002,-0.14395,-0.042185,0.998,-0.047155,0.14201,0.052707,0.98846,2.7313,-8.2764,-2.027,0.025043,-0.07171,-0.019356,0.99692,0.31948,-0.91485,-0.24694,8.9915,-8.1185,130.75,-668.07,-0.012059,0.17952,-0.67807,-0.077863,0.19041,-0.727,-0.04095,0.19287,-0.74453,0.040642,0.18054,-0.728
5276,0.98481,0.042501,-0.16836,-0.051384,0.99749,-0.048759,0.16586,0.056669,0.98452,2.8353,-9.6923,-2.4712,0.026467,-0.083903,-0.023569,0.99584,0.29059,-0.92119,-0.25877,10.452,-7.1011,130.82,-668.05,-0.011607,0.17951,-0.67813,-0.078662,0.18978,-0.72545,-0.042276,0.19242,-0.74392,0.0398,0.18089,-0.72939
5277,0.97522,0.057548,-0.21363,-0.068547,0.99666,-0.044432,0.21036,0.057974,0.9759,2.6068,-12.335,-3.3771,0.02577,-0.1067,-0.031732,0.99345,0.22554,-0.93381,-0.27771,13.122,-5.3716,130.61,-668.52,-0.011065,0.17924,-0.67829,-0.080404,0.18856,-0.72244,-0.044897,0.19176,-0.74256,0.037946,0.18145,-0.73178
5278,0.96995,0.065285,-0.23438,-0.077592,0.99603,-0.043668,0.2306,0.060541,0.97116,2.5745,-13.555,-3.8506,0.026259,-0.11717,-0.036003,0.99211,0.20948,-0.93468,-0.2872,14.403,-4.6964,130.72,-668.46,-0.010877,0.17929,-0.67826,-0.081203,0.18807,-0.7209,-0.046163,0.19141,-0.7418,0.03694,0.18197,-0.73268
5279,0.96429,0.073063,-0.25459,-0.08697,0.99525,-0.043789,0.25018,0.064367,0.96606,2.5953,-14.749,-4.3329,0.027294,-0.12738,-0.040385,0.99066,0.20012,-0.93396,-0.2961,15.678,-3.8598,130.8,-668.54,-0.010731,0.1793,-0.67822,-0.082004,0.18736,-0.71942,-0.047433,0.19104,-0.74104,0.035956,0.18221,-0.73371
5280,0.9581,0.081445,-0.27459,-0.096045,0.99457,-0.040127,0.26983,0.064819,0.96072,2.3917,-15.938,-4.8588,0.026525,-0.1376,-0.044861,0.98912,0.18027,-0.93518,-0.30488,16.923,-3.0548,130.76,-668.84,-0.010612,0.17923,-0.67819,-0.082751,0.1867,-0.71786,-0.048697,0.19081,-0.74017,0.034862,0.18251,-0.73461
5281,0.95176,0.085135,-0.29478,-0.10179,0.99394,-0.041581,0.28945,0.06958,0.95466,2.494,-17.144,-5.1115,0.028143,-0.14791,-0.047324,0.98747,0.17831,-0.93718,-0.29984,18.162,-2.6477,130.93,-668.56,-0.010485,0.17931,-0.67809,-0.083484,0.18639,-0.71624,-0.049904,0.1904,-0.73936,0.033795,0.1828,-0.73547
5282,0.93756,0.099875,-0.33319,-0.11975,0.99201,-0.039593,0.32657,0.077019,0.94203,2.4067,-19.462,-6.0806,0.029632,-0.16765,-0.055808,0.98382,0.16539,-0.93575,-0.31149,20.642,-1.1337,131.08,-668.86,-0.010251,0.17931,-0.67804,-0.084833,0.18501,-0.71324,-0.052274,0.18964,-0.73766,0.031603,0.18323,-0.7372
5283,0.9301,0.10738,-0.35127,-0.12843,0.99102,-0.037108,0.34413,0.079626,0.93554,2.2714,-20.565,-6.5855,0.029721,-0.17705,-0.060036,0.98192,0.157,-0.93529,-0.31715,21.824,-0.31536,131.22,-669.2,-0.010145,0.17938,-0.67801,-0.085416,0.18438,-0.71179,-0.053437,0.18947,-0.73677,0.030534,0.18345,-0.73806
5284,0.92244,0.11145,-0.36971,-0.13563,0.98995,-0.039957,0.36154,0.087,0.92829,2.4647,-21.698,-6.8893,0.032391,-0.18657,-0.063038,0.97988,0.1623,-0.93482,-0.31586,23.024,0.11788,131.38,-668.87,-0.01002,0.17941,-0.67798,-0.085985,0.18387,-0.71031,-0.054503,0.18879,-0.736,0.02941,0.18365,-0.73882
5285,0.91445,0.11611,-0.38768,-0.14135,0.98926,-0.037145,0.37921,0.088768,0.92104,2.3095,-22.81,-7.2361,0.032191,-0.19606,-0.065823,0.97785,0.1538,-0.93672,-0.31448,24.164,0.65466,131.42,-669.06,-0.0099106,0.1794,-0.67795,-0.086496,0.18347,-0.70875,-0.055532,0.18857,-0.73512,0.028389,0.18382,-0.73951
5286,0.90655,0.12161,-0.4042,-0.14755,0.98849,-0.033513,0.39547,0.09002,0.91406,2.0998,-23.841,-7.6405,0.031648,-0.20487,-0.068955,0.97584,0.14486,-0.93776,-0.31563,25.238,1.2694,131.46,-669.37,-0.0097898,0.1794,-0.67792,-0.086976,0.18301,-0.70736,-0.056511,0.18839,-0.73418,0.027322,0.184,-0.7402
5314,0.88473,0.13716,-0.44547,-0.16247,0.98653,-0.018929,0.43688,0.089122,0.8951,1.2115,-26.453,-8.8122,0.027838,-0.22733,-0.077195,0.97036,0.11518,-0.94059,-0.3194,27.972,3.7059,130.45,-666.67,-0.0082244,0.17828,-0.67459,-0.086772,0.18117,-0.70029,-0.057678,0.1869,-0.7286,0.025872,0.1841,-0.73853
5315,0.89292,0.13397,-0.42982,-0.15862,0.9871,-0.021868,0.42135,0.087705,0.90265,1.3878,-25.456,-8.5325,0.028169,-0.21882,-0.075218,0.97245,0.12085,-0.93876,-0.32269,26.959,3.2522,130.56,-666.74,-0.0084418,0.17844,-0.67476,-0.086504,0.18154,-0.70185,-0.056899,0.18728,-0.72961,0.026765,0.18402,-0.73808
5321,0.9435,0.098133,-0.3165,-0.11871,0.99185,-0.046357,0.30937,0.08131,0.94746,2.8011,-18.451,-5.9379,0.032395,-0.15881,-0.055023,0.98524,0.18926,-0.92782,-0.32146,19.711,-0.44243,131.11,-667.11,-0.0093978,0.1793,-0.67666,-0.083339,0.18484,-0.71326,-0.050367,0.18938,-0.7371,0.033515,0.18291,-0.73511
5325,0.96672,0.072936,-0.24521,-0.08986,0.99423,-0.058539,0.23952,0.078625,0.9677,3.4618,-14.194,-4.3146,0.034601,-0.12228,-0.041067,0.99104,0.25909,-0.9156,-0.3075,15.35,-2.4213,131.41,-667.91,-0.0094966,0.17976,-0.67819,-0.080322,0.18689,-0.72027,-0.045566,0.19057,-0.74156,0.037746,0.18191,-0.73329
5327,0.97693,0.056446,-0.20595,-0.071593,0.99519,-0.066847,0.20119,0.08005,0.97628,3.917,-11.885,-3.3068,0.036963,-0.10245,-0.032218,0.99353,0.32545,-0.90201,-0.28367,13.043,-3.8756,131.61,-668.2,-0.0096494,0.18,-0.67909,-0.078565,0.18808,-0.72402,-0.042938,0.19099,-0.74394,0.039834,0.18123,-0.73226
5329,0.9826,0.053017,-0.178,-0.066039,0.99549,-0.068044,0.17359,0.078616,0.98167,3.9651,-10.253,-3.0884,0.036851,-0.088344,-0.029915,0.99496,0.36745,-0.88091,-0.29829,11.511,-4.4097,131.69,-668.77,-0.0098292,0.18012,-0.67966,-0.077406,0.18841,-0.72656,-0.041217,0.19134,-0.74537,0.041125,0.18107,-0.73137
5331,0.98752,0.041075,-0.15205,-0.052866,0.99583,-0.074334,0.14836,0.081444,0.98557,4.3132,-8.7458,-2.3818,0.039097,-0.075397,-0.023577,0.99611,0.44356,-0.8554,-0.26749,10.114,-5.6457,131.83,-668.74,-0.010046,0.18025,-0.68013,-0.076257,0.18917,-0.72883,-0.039543,0.19141,-0.74674,0.04232,0.18054,-0.73047
5332,0.99166,0.03793,-0.12321,-0.046898,0.99639,-0.07072,0.12009,0.075908,0.98986,4.0865,-7.0775,-2.1904,0.036759,-0.060993,-0.021266,0.99723,0.4946,-0.82067,-0.28613,8.5244,-6.2588,131.59,-669.42,-0.010281,0.1801,-0.68059,-0.075002,0.18945,-0.73114,-0.037806,0.19177,-0.7479,0.043495,0.18029,-0.72932
5334,0.99507,0.025997,-0.095676,-0.032849,0.99695,-0.070756,0.093545,0.07355,0.99289,4.0761,-5.4902,-1.4966,0.036145,-0.047394,-0.014739,0.99811,0.58868,-0.7719,-0.24006,7.0403,-7.375,131.49,-669.67,-0.010477,0.18004,-0.68089,-0.073656,0.19023,-0.73319,-0.03595,0.1921,-0.74891,0.044663,0.17965,-0.72812
5336,0.99761,0.020888,-0.065911,-0.025654,0.99705,-0.072327,0.064206,0.073845,0.9952,4.1567,-3.7792,-1.1995,0.036589,-0.032571,-0.01165,0.99873,0.72667,-0.64686,-0.23138,5.7724,-8.0418,131.4,-669.88,-0.010635,0.17997,-0.68117,-0.072227,0.19041,-0.73541,-0.034048,0.19215,-0.74998,0.045811,0.1792,-0.72677
5337,0.99926,0.0097694,-0.037295,-0.012373,0.99745,-0.070232,0.036514,0.070641,0.99683,4.0301,-2.1373,-0.56015,0.035247,-0.018467,-0.0055401,0.99919,0.87732,-0.45966,-0.1379,4.605,-9.2386,131.33,-670.1,-0.010794,0.17993,-0.68143,-0.070655,0.19129,-0.73733,-0.032061,0.19246,-0.75083,0.046978,0.17878,-0.72534
5339,0.99995,0.0030862,-0.009431,-0.0037623,0.99736,-0.072532,0.0091823,0.072564,0.99732,4.1596,-0.54037,-0.17684,0.036299,-0.0046565,-0.0017133,0.99933,0.99079,-0.1271,-0.046765,4.1991,-9.877,131.38,-670.23,-0.010908,0.17999,-0.68163,-0.069105,0.19156,-0.73923,-0.030183,0.19256,-0.7516,0.048046,0.17825,-0.72393
5341,0.99987,-0.0050597,0.015119,0.0060871,0.99762,-0.068698,-0.014736,0.068781,0.99752,3.9397,0.8663,0.28993,0.034391,0.0074683,0.0027884,0.99938,0.97417,0.21155,0.078985,4.0463,-10.768,131.38,-670.53,-0.011038,0.18002,-0.68181,-0.067706,0.19232,-0.74073,-0.02845,0.19296,-0.75217,0.048919,0.17803,-0.72258
5343,0.99878,-0.015764,0.04671,0.019084,0.99726,-0.071497,-0.045455,0.072302,0.99635,4.1045,2.6773,0.90423,0.035984,0.023063,0.0087202,0.99905,0.82492,0.52872,0.19991,5.0002,-11.844,131.52,-670.59,-0.01126,0.18012,-0.68201,-0.06592,0.19282,-0.74274,-0.026302,0.19304,-0.75297,0.049939,0.17734,-0.72096
5346,0.99744,-0.020972,0.068397,0.025796,0.99718,-0.07043,-0.066727,0.072014,0.99517,4.0482,3.9219,1.2045,0.035656,0.033824,0.011707,0.99872,0.70575,0.66949,0.23172,5.7919,-12.643,131.52,-670.83,-0.01155,0.18013,-0.6822,-0.06481,0.19314,-0.74412,-0.024998,0.19315,-0.75346,0.050467,0.17705,-0.71981
5349,0.99601,-0.023285,0.08617,0.029391,0.99709,-0.070287,-0.084283,0.072539,0.9938,4.0455,4.9433,1.3392,0.035765,0.042683,0.013191,0.99836,0.62496,0.74585,0.2305,6.5614,-13.305,131.55,-671.13,-0.012033,0.18017,-0.68243,-0.064166,0.19322,-0.74534,-0.024187,0.19326,-0.75392,0.050602,0.17683,-0.71906
5405,0.99493,-0.016508,0.099221,0.022619,0.99789,-0.060779,-0.098008,0.062715,0.99321,3.5018,5.6943,0.95059,0.030928,0.049394,0.0097989,0.99825,0.52335,0.83583,0.16582,6.7758,-16.634,131.14,-671.46,-0.015529,0.17986,-0.68232,-0.066926,0.19313,-0.74578,-0.026814,0.19348,-0.75381,0.047634,0.17738,-0.71809
5414,0.99181,-0.022273,0.1258,0.029902,0.9978,-0.059089,-0.12421,0.062366,0.99029,3.4147,7.2269,1.2865,0.03044,0.062659,0.013077,0.99748,0.42947,0.88404,0.18449,8.1289,-17.799,131.46,-671.69,-0.016049,0.18017,-0.6825,-0.065623,0.19383,-0.74727,-0.025362,0.1939,-0.75428,0.048045,0.17741,-0.71645
5416,0.98895,-0.025312,0.14609,0.03463,0.9975,-0.0616,-0.14416,0.065979,0.98735,3.57,8.4003,1.4661,0.032,0.072802,0.015035,0.99672,0.39539,0.89953,0.18577,9.2844,-18.409,131.65,-671.41,-0.0163,0.18033,-0.68232,-0.064532,0.19394,-0.74816,-0.024078,0.19388,-0.75436,0.048439,0.17724,-0.71505
5419,0.98157,-0.034605,0.18793,0.046399,0.9972,-0.058719,-0.18537,0.066356,0.98043,3.4274,10.832,2.0191,0.031429,0.093806,0.020355,0.99489,0.31117,0.92874,0.20153,11.594,-19.745,131.7,-671.31,-0.016781,0.18038,-0.68204,-0.062042,0.19447,-0.74987,-0.021386,0.19409,-0.7543,0.04926,0.17666,-0.712
5421,0.97515,-0.043408,0.21723,0.056833,0.99682,-0.055935,-0.21411,0.066892,0.97452,3.2851,12.547,2.5488,0.030914,0.10856,0.025229,0.99329,0.26727,0.93861,0.21812,13.284,-20.971,131.64,-671.24,-0.01718,0.18028,-0.68184,-0.060244,0.19488,-0.75091,-0.019466,0.19408,-0.75421,0.049743,0.17609,-0.70979
5425,0.95878,-0.054328,0.27892,0.070623,0.99631,-0.048702,-0.27525,0.066392,0.95908,2.907,16.196,3.2431,0.029087,0.14005,0.031578,0.98921,0.19857,0.95609,0.21557,16.847,-22.804,131.4,-671.47,-0.018071,0.18007,-0.68157,-0.056468,0.19521,-0.75328,-0.015653,0.19419,-0.75381,0.050425,0.17505,-0.70522
5431,0.95042,-0.061152,0.30488,0.079497,0.99567,-0.048112,-0.30062,0.069964,0.95117,2.8956,17.751,3.6814,0.029905,0.15336,0.035623,0.98708,0.18661,0.95696,0.22229,18.444,-23.955,131.5,-671.55,-0.018422,0.18009,-0.68162,-0.054773,0.19549,-0.75436,-0.013896,0.19401,-0.75383,0.050654,0.17465,-0.7034
5441,0.96577,-0.051547,0.25424,0.067985,0.9961,-0.056294,-0.25034,0.071651,0.9655,3.3369,14.728,3.0552,0.032281,0.12731,0.030158,0.99088,0.23955,0.94474,0.2238,15.489,-22.392,131.94,-672.16,-0.017804,0.18052,-0.68272,-0.058057,0.19527,-0.75339,-0.017227,0.19414,-0.7551,0.050108,0.17561,-0.70813
5443,0.97023,-0.042994,0.23835,0.058863,0.99647,-0.059862,-0.23493,0.07211,0.96933,3.5339,13.789,2.5373,0.03326,0.11928,0.02567,0.99197,0.263,0.9432,0.20299,14.53,-21.323,132.13,-672.24,-0.01756,0.18077,-0.68292,-0.059119,0.19489,-0.75305,-0.018321,0.1943,-0.75531,0.049933,0.17613,-0.70946
5464,0.94443,-0.066675,0.32187,0.087468,0.99488,-0.05056,-0.31685,0.075904,0.94543,3.0611,18.776,4.0383,0.032081,0.16203,0.039103,0.98549,0.189,0.95457,0.23037,19.546,-23.982,131.97,-672.39,-0.017882,0.18048,-0.68256,-0.052808,0.19584,-0.75591,-0.011965,0.19405,-0.75472,0.051534,0.17449,-0.70305
5467,0.93796,-0.06858,0.33989,0.090182,0.99476,-0.048154,-0.3348,0.075818,0.93923,2.935,19.87,4.1818,0.031501,0.17144,0.040342,0.98386,0.17607,0.95821,0.22548,20.613,-24.53,131.91,-672.62,-0.018186,0.18042,-0.68263,-0.051666,0.19589,-0.75666,-0.010901,0.19404,-0.75461,0.051578,0.17428,-0.70175
5473,0.9319,-0.071171,0.35566,0.095515,0.9941,-0.05134,-0.34991,0.081815,0.9332,3.1489,20.834,4.3673,0.03389,0.17958,0.042425,0.98224,0.18064,0.9572,0.22613,21.627,-25.028,132.13,-672.71,-0.018327,0.18056,-0.68284,-0.050519,0.19581,-0.7575,-0.0097795,0.19383,-0.75478,0.051701,0.17401,-0.70082
5485,0.92561,-0.073775,0.37123,0.10244,0.99304,-0.058078,-0.36436,0.091787,0.92672,3.586,21.791,4.5571,0.038212,0.18756,0.044932,0.98048,0.19435,0.95394,0.22853,22.678,-25.134,132.72,-673.53,-0.018149,0.18106,-0.68393,-0.049035,0.1958,-0.75926,-0.0083976,0.19373,-0.75578,0.052163,0.1738,-0.7008
5491,0.91834,-0.074155,0.38877,0.10513,0.99271,-0.058973,-0.38157,0.095027,0.91944,3.6699,22.878,4.6165,0.039343,0.1968,0.045801,0.97858,0.19112,0.95602,0.22249,23.759,-26.243,132.8,-673.57,-0.018879,0.18107,-0.68398,-0.048324,0.19569,-0.75991,-0.0077462,0.19349,-0.75572,0.051687,0.17374,-0.69951
5495,0.91024,-0.079973,0.4063,0.11387,0.99169,-0.059899,-0.39813,0.10079,0.91178,3.7586,23.972,5.0211,0.041141,0.20596,0.04963,0.97643,0.19063,0.95435,0.22997,24.926,-27.565,132.94,-673.37,-0.019718,0.18114,-0.68378,-0.047632,0.19571,-0.76029,-0.0070828,0.19329,-0.75537,0.051155,0.17317,-0.69805
5497,0.90305,-0.079937,0.42203,0.11426,0.99184,-0.056631,-0.41406,0.099363,0.90481,3.5814,24.963,5.0586,0.040013,0.21446,0.049813,0.97464,0.17881,0.95837,0.2226,25.862,-28.145,132.79,-673.51,-0.020257,0.18103,-0.6837,-0.046824,0.19563,-0.7607,-0.0064242,0.19332,-0.75502,0.050821,0.17303,-0.69674
5499,0.89161,-0.083769,0.44498,0.11997,0.99132,-0.053763,-0.43662,0.10132,0.89392,3.4418,26.422,5.3673,0.0399,0.22682,0.052417,0.97171,0.16893,0.96032,0.22193,27.324,-29.476,132.74,-673.71,-0.02095,0.18092,-0.68371,-0.045483,0.1957,-0.76135,-0.0052291,0.19306,-0.75466,0.050416,0.17273,-0.69486
5501,0.87488,-0.086589,0.47654,0.1263,0.99063,-0.051872,-0.46759,0.10557,0.87762,3.3826,28.46,5.6523,0.040688,0.244,0.055018,0.96736,0.16056,0.96285,0.21711,29.359,-30.687,132.88,-673.84,-0.021838,0.18103,-0.68364,-0.043521,0.19561,-0.7622,-0.0036103,0.19302,-0.75397,0.049848,0.17231,-0.69231
5502,0.8647,-0.090969,0.49399,0.13441,0.9895,-0.053059,-0.48398,0.11228,0.86785,3.4986,29.603,6.0056,0.042849,0.25346,0.058411,0.96463,0.16255,0.9615,0.22158,30.568,-31.808,133.09,-673.77,-0.022321,0.18112,-0.68358,-0.042382,0.19561,-0.7626,-0.0025555,0.19268,-0.75366,0.049483,0.17196,-0.69088
5503,0.85322,-0.095543,0.51273,0.13856,0.98927,-0.046237,-0.50281,0.1105,0.85731,3.0871,30.846,6.3893,0.040742,0.26398,0.060855,0.96174,0.14872,0.96361,0.22213,31.799,-32.603,132.95,-674.21,-0.022785,0.181,-0.68362,-0.041005,0.19582,-0.76296,-0.0014873,0.19276,-0.75314,0.049099,0.1716,-0.68929
5504,0.84059,-0.10036,0.53229,0.14664,0.98815,-0.045268,-0.52144,0.11611,0.84535,3.0652,32.161,6.8083,0.042095,0.27487,0.064431,0.9584,0.14747,0.96296,0.22572,33.17,-33.646,132.96,-674.4,-0.02326,0.18091,-0.68369,-0.039588,0.19568,-0.76349,-0.00025225,0.19235,-0.75275,0.048682,0.171,-0.68773
5505,0.82677,-0.10316,0.553,0.15157,0.98754,-0.042379,-0.54174,0.11885,0.8321,2.9156,33.573,7.1122,0.042218,0.28665,0.066697,0.95478,0.14199,0.96411,0.22433,34.593,-34.409,133.06,-674.61,-0.023732,0.18099,-0.68368,-0.038027,0.19571,-0.76393,0.0010019,0.19232,-0.75212,0.04825,0.1707,-0.68593
5506,0.81213,-0.10719,0.57355,0.15912,0.98641,-0.040959,-0.56136,0.12452,0.81815,2.866,34.998,7.5186,0.043508,0.29838,0.070015,0.95088,0.14055,0.96389,0.22618,36.065,-35.629,133.24,-674.77,-0.024173,0.18102,-0.68366,-0.036367,0.19574,-0.76425,0.0023305,0.19193,-0.75159,0.047807,0.17044,-0.6841
5507,0.79711,-0.11147,0.59346,0.1654,0.98553,-0.03704,-0.58074,0.12768,0.80401,2.6377,36.403,7.9607,0.043488,0.31,0.073096,0.94692,0.13528,0.96436,0.22739,37.503,-36.399,133.38,-675.03,-0.024639,0.18114,-0.68366,-0.034751,0.19583,-0.76456,0.0035727,0.19197,-0.75089,0.047265,0.17003,-0.68235
5508,0.78106,-0.117,0.61339,0.17447,0.98406,-0.03445,-0.59959,0.13393,0.78902,2.5,37.835,8.5196,0.044656,0.3217,0.077304,0.94262,0.13376,0.96359,0.23154,39.007,-37.568,133.43,-675.42,-0.025132,0.18105,-0.68382,-0.033105,0.19571,-0.76496,0.0048779,0.1915,-0.75038,0.046617,0.16942,-0.68074
5509,0.76386,-0.11969,0.63419,0.17881,0.98343,-0.029768,-0.62012,0.13614,0.77261,2.2064,39.36,8.9054,0.044215,0.33428,0.079552,0.93807,0.12762,0.96488,0.22962,40.54,-38.4,133.37,-676.01,-0.025708,0.18098,-0.68409,-0.031435,0.19559,-0.76539,0.0060684,0.19136,-0.74973,0.045899,0.16898,-0.67907
5510,0.74655,-0.12179,0.65408,0.18663,0.98197,-0.030176,-0.63861,0.1446,0.75582,2.2863,40.85,9.2653,0.046816,0.34626,0.082614,0.93332,0.13039,0.96439,0.23009,42.083,-39.667,133.66,-676.36,-0.02629,0.1811,-0.68434,-0.029849,0.1954,-0.76586,0.0072735,0.19086,-0.74925,0.045067,0.16873,-0.67739
5511,0.72797,-0.12548,0.67403,0.1946,0.98049,-0.027637,-0.65741,0.15129,0.73819,2.1441,42.379,9.7803,0.048188,0.35858,0.086206,0.92826,0.12956,0.9641,0.23178,43.67,-40.512,133.88,-676.8,-0.026938,0.1813,-0.68461,-0.028215,0.19524,-0.76633,0.0083752,0.19078,-0.74858,0.044122,0.16814,-0.67587
5512,0.70802,-0.12764,0.69457,0.20007,0.97949,-0.023945,-0.67726,0.15591,0.71903,1.9073,43.993,10.219,0.048724,0.37163,0.088776,0.92284,0.1265,0.96482,0.23048,45.31,-41.991,133.85,-677.65,-0.027598,0.18108,-0.68507,-0.026485,0.19504,-0.76675,0.0095535,0.19012,-0.7481,0.043147,0.1679,-0.6742
5513,0.68816,-0.12915,0.71397,0.20525,0.97849,-0.020827,-0.69592,0.16087,0.69986,1.7045,45.559,10.629,0.049515,0.38421,0.091127,0.9174,0.12442,0.96545,0.22899,46.901,-42.852,133.87,-678.29,-0.02822,0.18107,-0.68548,-0.024831,0.19473,-0.7672,0.010694,0.18984,-0.74743,0.042046,0.16744,-0.67264
5514,0.66683,-0.13155,0.73351,0.21633,0.97608,-0.021613,-0.71312,0.1731,0.67933,1.8222,47.181,11.16,0.053412,0.39684,0.095431,0.91135,0.12976,0.96406,0.23184,48.615,-44.21,134.26,-678.76,-0.028881,0.18125,-0.68586,-0.023086,0.19432,-0.7676,0.011858,0.18919,-0.74685,0.040918,0.16697,-0.67108
5515,0.64479,-0.13756,0.75188,0.22608,0.97398,-0.015677,-0.73017,0.18009,0.65911,1.3625,48.754,12.043,0.054065,0.40929,0.10043,0.90525,0.12725,0.9633,0.23636,50.287,-45.553,134.65,-679.49,-0.029525,0.18147,-0.68614,-0.021296,0.19448,-0.76765,0.012932,0.18899,-0.746,0.039761,0.16659,-0.66946
5516,0.62365,-0.1396,0.76913,0.23132,0.97282,-0.010989,-0.74669,0.18477,0.63899,0.98521,50.276,12.618,0.054415,0.42136,0.10311,0.89937,0.12446,0.96379,0.23584,51.849,-46.616,134.55,-680.29,-0.030134,0.18127,-0.68656,-0.019677,0.19413,-0.76783,0.013974,0.18845,-0.74523,0.038566,0.1661,-0.66792
5517,0.60315,-0.13743,0.7857,0.23389,0.97222,-0.0094932,-0.76257,0.18949,0.61853,0.87931,51.786,12.836,0.055672,0.43317,0.10389,0.89357,0.12401,0.96492,0.23142,53.348,-47.286,134.56,-680.71,-0.030777,0.18128,-0.68686,-0.018178,0.19362,-0.76797,0.014854,0.18819,-0.74438,0.037342,0.16584,-0.66642
5518,0.58332,-0.14407,0.79936,0.24315,0.96998,-0.0026107,-0.77499,0.19589,0.60084,0.24895,53.069,13.874,0.055885,0.44323,0.10902,0.888,0.12153,0.96386,0.23707,54.755,-48.637,134.83,-681.46,-0.031421,0.18136,-0.68709,-0.0168,0.19375,-0.76784,0.015562,0.18785,-0.74353,0.036094,0.16536,-0.6651
5519,0.566,-0.14345,0.81183,0.24717,0.96897,-0.0011131,-0.78648,0.20129,0.58389,0.10922,54.275,14.222,0.057306,0.45252,0.11059,0.88301,0.1221,0.96414,0.23563,55.984,-49.597,134.81,-681.87,-0.032109,0.18126,-0.68734,-0.015763,0.19328,-0.76788,0.016133,0.18737,-0.74285,0.034872,0.16504,-0.66389
5520,0.55024,-0.1466,0.82204,0.25059,0.96808,0.0049103,-0.79652,0.2033,0.56941,-0.49408,55.289,14.919,0.05645,0.46055,0.11302,0.8786,0.1182,0.96438,0.23666,57.053,-50.693,134.71,-682.58,-0.032795,0.18106,-0.68758,-0.01492,0.1932,-0.76772,0.01649,0.18701,-0.74217,0.033666,0.1647,-0.66286
5521,0.53618,-0.1484,0.83096,0.25311,0.96739,0.0094471,-0.80526,0.20526,0.55626,-0.97298,56.197,15.471,0.05597,0.46769,0.11477,0.87462,0.11545,0.96469,0.23672,58.0,-51.664,134.79,-683.1,-0.033542,0.18108,-0.68778,-0.014302,0.19321,-0.76758,0.01661,0.18691,-0.74154,0.032459,0.16455,-0.66198
5523,0.51368,-0.14654,0.84537,0.25599,0.9666,0.012009,-0.8189,0.21024,0.53404,-1.2882,57.712,15.923,0.057088,0.47929,0.11593,0.86809,0.115,0.96552,0.23353,59.525,-53.66,134.76,-684.03,-0.035205,0.18096,-0.68839,-0.013813,0.19272,-0.76775,0.016394,0.18637,-0.7409,0.030059,0.16438,-0.66082
5525,0.49452,-0.14439,0.85709,0.25945,0.96567,0.012982,-0.82954,0.21595,0.51501,-1.4439,58.991,16.276,0.058835,0.48891,0.11706,0.86244,0.11624,0.96592,0.23127,60.817,-55.481,134.83,-684.83,-0.036785,0.18094,-0.68902,-0.013603,0.19222,-0.76799,0.015982,0.18593,-0.74045,0.027854,0.16422,-0.65998
5527,0.47538,-0.14088,0.86843,0.25652,0.9664,0.016352,-0.84155,0.215,0.49555,-1.8899,60.276,16.507,0.057952,0.49887,0.11594,0.85693,0.11244,0.96787,0.22493,62.052,-56.642,134.5,-685.67,-0.038098,0.1807,-0.68964,-0.013203,0.19178,-0.76809,0.01578,0.18573,-0.73976,0.02587,0.16411,-0.65908
5529,0.45775,-0.14278,0.87754,0.26023,0.96531,0.021323,-0.85014,0.2186,0.47903,-2.5487,61.347,17.324,0.057902,0.50708,0.11829,0.85178,0.11052,0.96789,0.22578,63.189,-58.022,134.53,-686.31,-0.039265,0.18066,-0.68995,-0.012794,0.1916,-0.76791,0.015628,0.18549,-0.73904,0.024052,0.16376,-0.65819
5531,0.44524,-0.14173,0.88412,0.25782,0.96587,0.025002,-0.85749,0.21682,0.46658,-3.0672,62.144,17.658,0.056536,0.51333,0.11777,0.84819,0.10673,0.96911,0.22233,63.97,-59.094,134.33,-686.83,-0.040382,0.1805,-0.69019,-0.012808,0.19148,-0.76773,0.015175,0.18544,-0.73846,0.022443,0.16374,-0.65748
5536,0.4298,-0.14196,0.89169,0.259,0.96544,0.028865,-0.86498,0.21855,0.45172,-3.6562,63.087,18.279,0.056209,0.52056,0.11882,0.84365,0.10469,0.96957,0.22131,64.946,-62.017,134.32,-688.11,-0.042924,0.18037,-0.69101,-0.013973,0.1914,-0.76804,0.013495,0.18509,-0.73844,0.019365,0.16376,-0.65722
5539,0.42365,-0.13362,0.89592,0.2514,0.96755,0.025423,-0.87024,0.21446,0.44349,-3.2808,63.627,17.505,0.05614,0.5245,0.11434,0.84183,0.10401,0.97175,0.21184,65.333,-62.641,134.14,-688.28,-0.044165,0.18042,-0.69149,-0.014667,0.19107,-0.76845,0.012563,0.18543,-0.73841,0.01793,0.1642,-0.65715
5551,0.42252,-0.12542,0.89764,0.24584,0.96911,0.019692,-0.87238,0.21235,0.4403,-2.5608,63.849,16.533,0.057243,0.5259,0.11031,0.84142,0.10593,0.9732,0.20413,65.42,-64.991,134.33,-689.8,-0.046719,0.18067,-0.69323,-0.017112,0.19103,-0.77021,0.010085,0.18568,-0.74008,0.015397,0.16508,-0.65866
5558,0.43713,-0.12664,0.89044,0.24708,0.96886,0.016498,-0.8648,0.21279,0.4548,-2.0775,62.929,16.157,0.058028,0.51888,0.11048,0.84569,0.10873,0.97228,0.20701,64.508,-65.171,134.5,-689.76,-0.046733,0.18076,-0.69333,-0.018381,0.19127,-0.77075,0.0093298,0.18568,-0.74117,0.015997,0.16526,-0.65982
5571,0.54936,-0.12234,0.82658,0.2223,0.97497,-0.0034438,-0.80547,0.18564,0.56281,0.35059,55.749,12.555,0.053808,0.46443,0.098075,0.87851,0.11264,0.9722,0.2053,57.073,-59.933,133.88,-683.53,-0.043526,0.18073,-0.68897,-0.025518,0.1925,-0.76915,0.0058409,0.18764,-0.74332,0.023233,0.16641,-0.66376
5572,0.57204,-0.12027,0.81136,0.21606,0.97635,-0.0075982,-0.79126,0.17965,0.58449,0.74478,54.229,11.874,0.052894,0.45272,0.095009,0.885,0.11361,0.97234,0.20406,55.498,-59.027,133.71,-682.35,-0.04313,0.18069,-0.68817,-0.027355,0.19268,-0.76881,0.0047521,0.18803,-0.74381,0.02434,0.16669,-0.66481
5573,0.59768,-0.11732,0.7931,0.20697,0.97828,-0.011257,-0.77456,0.17088,0.60899,1.059,52.476,11.106,0.051029,0.43921,0.090858,0.89232,0.11305,0.97299,0.20128,53.667,-58.035,133.56,-681.24,-0.042773,0.1807,-0.68742,-0.029596,0.19303,-0.76844,0.003277,0.18863,-0.7444,0.025526,0.16722,-0.66614
5574,0.62629,-0.11666,0.77081,0.20371,0.97888,-0.017373,-0.75251,0.1679,0.63682,1.5627,50.427,10.551,0.05145,0.42302,0.088964,0.90028,0.11819,0.97173,0.20436,51.611,-57.452,133.6,-680.09,-0.042356,0.18073,-0.68668,-0.032148,0.19331,-0.76808,0.001626,0.18879,-0.74536,0.026745,0.16759,-0.6679
5575,0.65699,-0.11021,0.7458,0.19453,0.98054,-0.026469,-0.72837,0.16247,0.66564,2.2771,48.228,9.5225,0.051979,0.40556,0.083835,0.90873,0.12453,0.97167,0.20086,49.339,-55.975,133.49,-678.59,-0.041758,0.18079,-0.68589,-0.034847,0.19324,-0.76774,-0.00016363,0.18923,-0.74627,0.028137,0.1681,-0.66989
5576,0.68788,-0.10511,0.71817,0.18393,0.98241,-0.03239,-0.70213,0.15437,0.69511,2.6679,45.904,8.6875,0.050903,0.38711,0.078777,0.91725,0.1278,0.97188,0.19778,46.945,-54.536,133.28,-677.43,-0.04106,0.18073,-0.6852,-0.037617,0.19338,-0.76718,-0.0020785,0.18965,-0.74715,0.029485,0.1687,-0.67205
5577,0.71831,-0.10216,0.68819,0.17471,0.98395,-0.036293,-0.67343,0.1463,0.72463,2.8673,43.487,8.0945,0.049319,0.36777,0.074782,0.92559,0.13029,0.97159,0.19756,44.484,-53.36,133.05,-676.48,-0.040449,0.1806,-0.6846,-0.040553,0.19362,-0.76644,-0.0042016,0.18999,-0.7481,0.03074,0.16919,-0.67444
5578,0.74834,-0.093834,0.65664,0.16169,0.98589,-0.043391,-0.6433,0.13865,0.75295,3.2982,41.044,7.1469,0.048741,0.34806,0.068418,0.9337,0.13613,0.97209,0.19108,41.962,-51.772,132.95,-675.32,-0.039872,0.18067,-0.68398,-0.043643,0.19362,-0.76575,-0.0065203,0.1905,-0.74892,0.031777,0.16999,-0.67688
5579,0.77731,-0.084475,0.62342,0.14854,0.98757,-0.051393,-0.61133,0.13255,0.7802,3.7687,38.566,6.2023,0.048848,0.3279,0.061879,0.94142,0.14485,0.97229,0.18349,39.418,-50.105,132.69,-674.25,-0.039301,0.18056,-0.6835,-0.046803,0.19328,-0.76512,-0.0089051,0.19073,-0.74983,0.032695,0.17057,-0.67956
5580,0.80448,-0.076788,0.589,0.13744,0.98876,-0.05881,-0.57786,0.12826,0.80599,4.1733,36.086,5.4524,0.049303,0.30753,0.056459,0.94858,0.15576,0.97156,0.17837,36.906,-48.629,132.63,-673.32,-0.038646,0.18058,-0.68308,-0.049795,0.19312,-0.76425,-0.011275,0.19092,-0.7507,0.033512,0.17124,-0.68226
5581,0.82925,-0.068707,0.55463,0.12364,0.99038,-0.062174,-0.54502,0.12013,0.82977,4.2851,33.685,4.7363,0.047716,0.28782,0.050344,0.95517,0.16117,0.97217,0.17005,34.442,-47.129,132.4,-672.81,-0.03791,0.18044,-0.68284,-0.052588,0.19309,-0.76338,-0.013536,0.19113,-0.75145,0.034295,0.17207,-0.68494
5582,0.85198,-0.06148,0.51995,0.11399,0.99104,-0.069596,-0.51101,0.11856,0.85136,4.6734,31.329,4.1274,0.048947,0.26819,0.045645,0.96104,0.17708,0.97024,0.16513,32.093,-45.698,132.42,-672.12,-0.037183,0.18048,-0.68264,-0.055259,0.19284,-0.76248,-0.01575,0.19114,-0.75225,0.03497,0.17264,-0.68771
5583,0.873,-0.056497,0.48444,0.10834,0.99092,-0.079671,-0.47554,0.12204,0.87119,5.2252,28.976,3.7028,0.052185,0.24836,0.042645,0.96632,0.20278,0.9651,0.16572,29.825,-44.548,132.75,-671.34,-0.036475,0.18075,-0.68248,-0.057873,0.19268,-0.76155,-0.017977,0.19104,-0.75307,0.035468,0.17317,-0.69054
5584,0.89136,-0.04752,0.4508,0.095481,0.99186,-0.084238,-0.44313,0.11813,0.88864,5.4151,26.795,3.0517,0.052099,0.23014,0.036816,0.97106,0.21815,0.96366,0.15416,27.634,-43.138,132.58,-671.12,-0.035837,0.18062,-0.68258,-0.060354,0.19233,-0.76076,-0.020139,0.19097,-0.75382,0.035796,0.17384,-0.69331
5585,0.90749,-0.035089,0.41862,0.080104,0.99267,-0.090445,-0.41238,0.11561,0.90365,5.7156,24.747,2.2143,0.052826,0.21304,0.029532,0.97517,0.23853,0.96194,0.13335,25.59,-41.489,132.42,-671.01,-0.035178,0.18051,-0.68287,-0.062617,0.19166,-0.76009,-0.022167,0.1908,-0.7546,0.036076,0.17458,-0.69606
5586,0.92188,-0.026168,0.3866,0.069471,0.99271,-0.098463,-0.38121,0.11763,0.91698,6.1288,22.743,1.626,0.055197,0.19613,0.02443,0.97872,0.26899,0.95576,0.11905,23.683,-39.683,132.73,-670.75,-0.034432,0.18084,-0.68304,-0.064669,0.19124,-0.7594,-0.024047,0.19094,-0.75522,0.03635,0.17514,-0.69882
5587,0.9351,-0.018142,0.35391,0.058374,0.99293,-0.10334,-0.34953,0.11729,0.92955,6.3435,20.727,1.1114,0.056166,0.17908,0.019479,0.98204,0.29767,0.94907,0.10323,21.752,-38.141,132.76,-670.77,-0.033652,0.18087,-0.68337,-0.066653,0.19085,-0.75865,-0.025882,0.19083,-0.7559,0.036557,0.17569,-0.70153
5588,0.94681,-0.01271,0.32153,0.049831,0.99296,-0.10749,-0.3179,0.11779,0.94078,6.518,18.755,0.7691,0.05718,0.1623,0.015874,0.98496,0.33089,0.93919,0.09186,19.902,-36.969,132.79,-670.83,-0.032898,0.18085,-0.68373,-0.068507,0.19061,-0.75776,-0.027654,0.19057,-0.75651,0.036664,0.17617,-0.70415
