frames,r11,r21,r31,r12,r22,r32,r13,r23,r33,roll,pitch,yaw,q1,q2,q3,q4,u1,u2,u3,angle,Sx,Sy,Sz,M1x,M1y,M1z,M2x,M2y,M2z,M3x,M3y,M3z,M4x,M4y,M4z
5800,0.99769,0.0083448,0.067435,0.0015674,0.98934,-0.14562,-0.067931,0.14539,0.98704,8.3922,3.8667,-0.47922,0.072988,0.033952,-0.0016999,0.99675,0.9065,0.42168,-0.021112,9.2364,3.2332,112.87,-632.45,0.010766,0.14337,-0.61943,-0.044258,0.16939,-0.67554,-0.0048605,0.17081,-0.68615,0.071354,0.14692,-0.65943
5939,0.99737,0.007802,0.072066,0.0012575,0.99218,-0.12482,-0.072476,0.12458,0.98956,7.1891,4.1327,-0.44819,0.062513,0.03623,-0.0016404,0.99738,0.86497,0.5013,-0.022698,8.289,2.7868,111.97,-630.82,0.010256,0.14219,-0.61713,-0.044518,0.16933,-0.67287,-0.0050589,0.17099,-0.68332,0.071073,0.14668,-0.65683
5940,0.99712,0.0069853,0.075492,0.00081821,0.9947,-0.10285,-0.07581,0.10261,0.99183,5.92,4.3295,-0.40137,0.05147,0.037903,-0.0015449,0.99795,0.80498,0.5928,-0.024163,7.3319,2.8108,111.08,-629.29,0.010191,0.141,-0.6149,-0.044461,0.16934,-0.67026,-0.0049516,0.17127,-0.68051,0.071075,0.1464,-0.6543
5943,0.99685,0.004658,0.079213,0.001971,0.99651,-0.083403,-0.079325,0.083296,0.99336,4.7993,4.5433,-0.26773,0.041744,0.0397,-0.00067285,0.99834,0.72457,0.6891,-0.011679,6.6055,2.7627,110.18,-627.18,0.010226,0.13981,-0.61224,-0.044234,0.16937,-0.66726,-0.004707,0.17133,-0.67739,0.071195,0.1461,-0.65135
5955,0.99792,0.010214,0.063703,0.00035209,0.98651,-0.16369,-0.064516,0.16337,0.98445,9.4405,3.6524,-0.58643,0.082086,0.03218,-0.0024751,0.9961,0.93065,0.36484,-0.028062,10.12,3.3305,113.73,-634.95,0.010892,0.14447,-0.62251,-0.044346,0.16942,-0.67887,-0.0049746,0.17068,-0.68968,0.071342,0.1473,-0.6627
5979,0.99876,0.01133,0.04855,-0.0040403,0.98903,-0.14768,-0.04969,0.1473,0.98784,8.5027,2.7828,-0.64992,0.073972,0.024635,-0.0038542,0.99695,0.94761,0.31559,-0.049374,8.9543,3.9378,113.71,-635.06,0.011459,0.14426,-0.62214,-0.044691,0.16989,-0.67731,-0.0055167,0.17161,-0.68859,0.071239,0.14768,-0.66329
5982,0.99979,0.010543,0.017851,-0.0078999,0.98982,-0.14214,-0.019168,0.14197,0.98969,8.1729,1.0229,-0.60417,0.071211,0.0092788,-0.0046227,0.99741,0.98957,0.12894,-0.064238,8.2533,5.0621,113.49,-634.1,0.012952,0.14396,-0.62123,-0.044849,0.16989,-0.67452,-0.006073,0.17173,-0.68701,0.071452,0.14754,-0.66426
5984,0.9999,0.011535,-0.008021,-0.01256,0.98974,-0.14235,0.0062967,0.14244,0.98978,8.1841,-0.45958,-0.66094,0.07138,-0.0035887,-0.0060392,0.99742,0.99519,-0.050034,-0.084199,8.2261,6.0256,113.49,-633.39,0.014318,0.14398,-0.62081,-0.044881,0.1699,-0.67257,-0.0064115,0.17164,-0.68612,0.071642,0.14772,-0.66526
5986,0.9991,0.011288,-0.040988,-0.016946,0.98995,-0.14042,0.038991,0.14098,0.98924,8.0788,-2.3491,-0.64733,0.070542,-0.020049,-0.0070777,0.99728,0.95745,-0.27213,-0.096065,8.4503,7.4226,113.46,-632.95,0.016088,0.14393,-0.62057,-0.044767,0.1699,-0.67031,-0.0067448,0.1717,-0.68507,0.07193,0.14766,-0.66693
5987,0.99808,0.0079435,-0.061437,-0.016511,0.98998,-0.14022,0.059708,0.14097,0.98821,8.0761,-3.5223,-0.456,0.070507,-0.030376,-0.0061317,0.99703,0.91548,-0.39441,-0.079616,8.8342,7.9539,113.45,-632.63,0.017158,0.14389,-0.62057,-0.04459,0.17019,-0.66899,-0.0069042,0.17162,-0.68464,0.072086,0.14765,-0.66795
5988,0.9966,0.0072417,-0.08209,-0.018587,0.99022,-0.1383,0.080285,0.13935,0.98698,7.9765,-4.7087,-0.41633,0.069641,-0.040727,-0.0064784,0.99672,0.86045,-0.50321,-0.080044,9.2847,8.8452,113.4,-632.51,0.018342,0.14381,-0.62061,-0.044397,0.17026,-0.6677,-0.0070279,0.17167,-0.68418,0.072264,0.14765,-0.66917
5989,0.99175,0.0065224,-0.12803,-0.024237,0.99023,-0.1373,0.12588,0.13927,0.98222,7.9577,-7.3556,-0.37681,0.069455,-0.063763,-0.0077245,0.99552,0.73419,-0.67402,-0.081653,10.857,10.99,113.47,-632.31,0.021036,0.14388,-0.62086,-0.043814,0.17037,-0.66503,-0.0072092,0.17174,-0.68313,0.072629,0.14766,-0.67182
5990,0.98832,0.0053079,-0.15227,-0.026699,0.98996,-0.13878,0.15001,0.14123,0.97855,8.072,-8.7586,-0.30771,0.070382,-0.07598,-0.0080451,0.99459,0.67752,-0.73141,-0.077445,11.925,12.186,113.49,-632.3,0.022435,0.14391,-0.62106,-0.043452,0.17029,-0.6637,-0.0072723,0.17174,-0.68266,0.072809,0.14739,-0.67332
5991,0.98418,0.0058307,-0.17709,-0.030717,0.98994,-0.13812,0.1745,0.14138,0.97446,8.0675,-10.2,-0.33944,0.070328,-0.088467,-0.0091963,0.99355,0.62024,-0.78021,-0.081105,13.021,13.381,113.44,-632.32,0.02393,0.14387,-0.62139,-0.043012,0.17023,-0.66234,-0.0073457,0.17165,-0.68224,0.072904,0.14742,-0.67484
5992,0.97921,0.0035197,-0.20283,-0.032402,0.98973,-0.13925,0.20025,0.14293,0.96926,8.1757,-11.702,-0.20595,0.071097,-0.10156,-0.0090505,0.99224,0.57198,-0.81703,-0.072811,14.281,14.454,113.46,-632.31,0.025365,0.14388,-0.62173,-0.042525,0.17029,-0.66092,-0.0074128,0.1716,-0.68182,0.073011,0.14725,-0.67647
5993,0.97349,0.0028875,-0.22872,-0.035429,0.98976,-0.1383,0.22598,0.14274,0.96362,8.1675,-13.222,-0.16995,0.070911,-0.11473,-0.009668,0.99082,0.52442,-0.84845,-0.071499,15.543,15.62,113.41,-632.32,0.026891,0.14382,-0.62211,-0.042036,0.17035,-0.65949,-0.0074785,0.17152,-0.68133,0.073027,0.14726,-0.67802
5994,0.96748,0.0034741,-0.25292,-0.039679,0.98961,-0.13819,0.24981,0.14373,0.95757,8.2117,-14.65,-0.20574,0.071243,-0.12705,-0.010905,0.98927,0.48775,-0.86979,-0.074659,16.798,16.899,113.4,-632.44,0.028329,0.14384,-0.62246,-0.041511,0.17021,-0.65815,-0.0075021,0.17149,-0.68077,0.073042,0.14718,-0.6796
5995,0.96078,0.0028854,-0.2773,-0.042946,0.98943,-0.1385,0.27397,0.14498,0.95075,8.2884,-16.099,-0.17207,0.071765,-0.13955,-0.011602,0.98754,0.45607,-0.88688,-0.073734,18.107,18.075,113.39,-632.5,0.029771,0.14383,-0.62287,-0.040949,0.17019,-0.6568,-0.0074948,0.1714,-0.6803,0.07304,0.14709,-0.68109
5996,0.95349,0.00097785,-0.30141,-0.0446,0.98944,-0.13788,0.29809,0.14491,0.94347,8.3145,-17.542,-0.058759,0.071724,-0.15205,-0.01156,0.9857,0.42563,-0.9023,-0.068599,19.403,19.155,113.37,-632.56,0.031173,0.1438,-0.62327,-0.040384,0.17031,-0.65544,-0.0075039,0.17141,-0.67981,0.072958,0.147,-0.68257
5997,0.94615,-0.00014253,-0.32373,-0.047628,0.98906,-0.13963,0.32021,0.14753,0.93579,8.4868,-18.889,0.0086314,0.072978,-0.16365,-0.012068,0.98374,0.40636,-0.91124,-0.067196,20.691,20.247,113.36,-632.59,0.032482,0.14382,-0.62367,-0.039749,0.17023,-0.65418,-0.0074807,0.17128,-0.67937,0.072915,0.14683,-0.68399
5998,0.93871,0.002018,-0.3447,-0.052869,0.98899,-0.13819,0.34062,0.14794,0.92849,8.4653,-20.163,-0.12317,0.072855,-0.1745,-0.013975,0.98186,0.38424,-0.92029,-0.073706,21.86,21.43,113.37,-632.77,0.033788,0.14384,-0.62411,-0.039143,0.17009,-0.653,-0.0074601,0.17123,-0.67888,0.072784,0.14696,-0.68526
5999,0.93074,0.0029287,-0.36567,-0.056447,0.98913,-0.13575,0.3613,0.14699,0.92079,8.3868,-21.449,-0.18029,0.072138,-0.18547,-0.015149,0.97988,0.36144,-0.9293,-0.075902,23.025,22.533,113.27,-633.07,0.035033,0.14374,-0.6246,-0.038557,0.16996,-0.65184,-0.0074188,0.17118,-0.67834,0.072682,0.14687,-0.68659
6000,0.9223,0.0012921,-0.38648,-0.058114,0.98909,-0.13538,0.38209,0.14732,0.91231,8.4404,-22.736,-0.080268,0.072284,-0.19652,-0.01519,0.97771,0.3443,-0.93607,-0.072352,24.238,23.496,113.31,-633.12,0.036275,0.14378,-0.62504,-0.037895,0.17013,-0.65063,-0.0073479,0.17119,-0.67786,0.072537,0.14689,-0.68783
6001,0.91409,0.00044905,-0.40552,-0.060308,0.98903,-0.13485,0.40101,0.14772,0.90409,8.4833,-23.924,-0.028147,0.072408,-0.20667,-0.015569,0.9756,0.32981,-0.94138,-0.070916,25.364,24.442,113.33,-633.26,0.037418,0.14379,-0.62548,-0.037207,0.17018,-0.64952,-0.0072588,0.17118,-0.67743,0.072412,0.14686,-0.68905
6002,0.90568,0.0014033,-0.42396,-0.064036,0.98897,-0.13352,0.4191,0.14808,0.89578,8.4779,-25.085,-0.088774,0.07232,-0.21652,-0.016806,0.97345,0.31596,-0.94593,-0.073424,26.464,25.49,113.16,-633.49,0.038616,0.14363,-0.62602,-0.036557,0.16998,-0.64854,-0.0071616,0.17097,-0.6771,0.072261,0.14681,-0.69029
6003,0.89641,-0.00026378,-0.44322,-0.065799,0.98884,-0.13367,0.43831,0.14898,0.88639,8.5755,-26.309,0.01686,0.072771,-0.22695,-0.016872,0.97104,0.30457,-0.94987,-0.070616,27.647,26.452,113.18,-633.69,0.039769,0.14365,-0.62655,-0.035836,0.17006,-0.64748,-0.0070344,0.17097,-0.6767,0.0721,0.14668,-0.69152
6004,0.88712,-0.0021368,-0.46153,-0.067527,0.98863,-0.13437,0.45657,0.15037,0.87689,8.7122,-27.486,0.138,0.073495,-0.23697,-0.016878,0.96859,0.29555,-0.95291,-0.067871,28.798,27.444,113.3,-633.88,0.040923,0.14377,-0.62706,-0.035034,0.17018,-0.64649,-0.0068561,0.17102,-0.67624,0.071975,0.14658,-0.69274
6005,0.87786,-0.00057871,-0.47892,-0.07112,0.98875,-0.13156,0.47361,0.14955,0.86795,8.619,-28.615,0.037771,0.072732,-0.24645,-0.018251,0.96625,0.28234,-0.95669,-0.070851,29.856,28.59,113.24,-634.31,0.042132,0.14372,-0.62763,-0.034217,0.17003,-0.64556,-0.006638,0.17104,-0.6758,0.071814,0.14658,-0.69384
6006,0.86803,-0.00017427,-0.4965,-0.07411,0.98875,-0.12991,0.49094,0.14957,0.85826,8.6074,-29.769,0.011503,0.0725,-0.25615,-0.01918,0.96372,0.27163,-0.95972,-0.07186,30.96,29.715,113.16,-634.68,0.043343,0.14364,-0.62821,-0.033384,0.16989,-0.6446,-0.0064139,0.17101,-0.6754,0.071667,0.14646,-0.69508
6007,0.85733,-0.0026687,-0.51477,-0.073883,0.989,-0.12818,0.50944,0.14792,0.8477,8.5984,-30.982,0.17835,0.071827,-0.26645,-0.018526,0.96099,0.2597,-0.96336,-0.066984,32.112,30.638,113.08,-634.86,0.044561,0.14352,-0.62882,-0.032438,0.17011,-0.64357,-0.006153,0.17097,-0.67498,0.071494,0.14642,-0.69618
6008,0.8468,-0.0021392,-0.53191,-0.078102,0.98865,-0.12832,0.52614,0.1502,0.83703,8.7156,-32.134,0.14474,0.072668,-0.27606,-0.019819,0.95819,0.25395,-0.96473,-0.069263,33.255,31.829,113.16,-635.27,0.045737,0.14363,-0.62939,-0.03155,0.16993,-0.64263,-0.0058627,0.17101,-0.67453,0.071288,0.14627,-0.69739
6009,0.82365,-0.004081,-0.56708,-0.082343,0.98852,-0.12671,0.56108,0.15106,0.81386,8.8495,-34.547,0.28388,0.072937,-0.29623,-0.02055,0.95211,0.23854,-0.9688,-0.067207,35.609,33.886,113.13,-635.6,0.048128,0.1436,-0.63052,-0.029582,0.17006,-0.64051,-0.0052763,0.17084,-0.67349,0.070817,0.14626,-0.69951
6010,0.8126,-0.0012593,-0.58282,-0.084492,0.98918,-0.11994,0.57667,0.14671,0.8037,8.4879,-35.649,0.08879,0.070214,-0.30532,-0.021917,0.9494,0.22357,-0.97219,-0.069787,36.607,35.004,112.85,-636.09,0.049342,0.14328,-0.6311,-0.028609,0.16983,-0.63948,-0.0049461,0.17081,-0.67292,0.070544,0.14633,-0.70046
6011,0.79992,-0.0043619,-0.6001,-0.087265,0.9885,-0.12351,0.59373,0.15116,0.79034,8.8819,-36.877,0.31242,0.072596,-0.31553,-0.021912,0.94588,0.22371,-0.97232,-0.06752,37.873,36.007,112.98,-635.94,0.050491,0.14344,-0.63157,-0.027545,0.16998,-0.63835,-0.0045916,0.17062,-0.67239,0.070317,0.14623,-0.70135
6012,0.78836,-0.0021724,-0.61521,-0.090079,0.98881,-0.11892,0.60859,0.14917,0.77934,8.6761,-37.967,0.15788,0.07108,-0.32446,-0.023307,0.94294,0.21347,-0.97444,-0.069995,38.899,37.149,112.77,-636.4,0.051664,0.14322,-0.63211,-0.026544,0.16969,-0.63736,-0.0042285,0.17056,-0.6718,0.070127,0.14611,-0.70225
6013,0.77612,-0.0045512,-0.63057,-0.08994,0.98895,-0.11784,0.62413,0.14817,0.76714,8.7329,-39.092,0.33598,0.07077,-0.3338,-0.022717,0.93971,0.20694,-0.9761,-0.066429,39.994,38.032,112.7,-636.44,0.052745,0.14312,-0.63258,-0.025472,0.16986,-0.63629,-0.0038496,0.1705,-0.67119,0.069902,0.14605,-0.7031
6014,0.76499,-0.0038338,-0.64403,-0.092179,0.98904,-0.11538,0.63741,0.14763,0.75625,8.6747,-40.093,0.28714,0.07019,-0.34198,-0.023577,0.93679,0.2006,-0.97735,-0.067381,40.962,39.115,112.59,-636.79,0.053867,0.14301,-0.6331,-0.024428,0.1697,-0.63544,-0.0034202,0.17045,-0.67067,0.069749,0.14593,-0.70386
6015,0.75325,-0.0075252,-0.65769,-0.091012,0.98912,-0.11555,0.65141,0.1469,0.74437,8.8239,-41.124,0.57239,0.070276,-0.35054,-0.022355,0.93364,0.19619,-0.97858,-0.062408,41.981,39.968,112.58,-636.88,0.054907,0.14295,-0.63359,-0.023363,0.16996,-0.63454,-0.0029142,0.17046,-0.67021,0.069626,0.14576,-0.70468
6017,0.73283,-0.0071345,-0.68038,-0.095694,0.98893,-0.11344,0.67365,0.14824,0.72403,8.9047,-42.873,0.55779,0.070485,-0.36472,-0.023854,0.92814,0.18936,-0.97981,-0.064084,43.706,42.049,112.4,-637.54,0.057022,0.1428,-0.63465,-0.021233,0.16964,-0.63324,-0.0019046,0.17025,-0.6695,0.069511,0.14549,-0.70617
6019,0.71364,-0.0071004,-0.70048,-0.096663,0.98938,-0.10851,0.69381,0.14515,0.70538,8.7452,-44.465,0.57005,0.068697,-0.37761,-0.024256,0.92309,0.17863,-0.98189,-0.063072,45.235,43.845,112.16,-638.39,0.058941,0.14253,-0.63577,-0.019228,0.16949,-0.63216,-0.00094034,0.17025,-0.66887,0.069376,0.14528,-0.70758
6021,0.6942,-0.011414,-0.71969,-0.097232,0.98922,-0.10948,0.71318,0.14598,0.68561,9.0723,-46.029,0.94198,0.069587,-0.39032,-0.023377,0.91775,0.17521,-0.98277,-0.05886,46.802,45.278,112.13,-638.7,0.060529,0.14246,-0.63669,-0.017436,0.16968,-0.63101,-0.0001017,0.17014,-0.66826,0.069179,0.14497,-0.70887
6023,0.67592,-0.011027,-0.73689,-0.099493,0.98937,-0.10607,0.73023,0.14501,0.66763,9.027,-47.468,0.93468,0.068763,-0.40181,-0.024229,0.91281,0.16838,-0.98393,-0.05933,48.206,46.578,111.96,-639.02,0.0619,0.14228,-0.63744,-0.015915,0.16959,-0.62975,0.00049,0.16999,-0.6675,0.068757,0.14493,-0.70976
6025,0.65946,-0.0059985,-0.75171,-0.10278,0.98986,-0.098061,0.74468,0.14193,0.65216,8.5512,-48.739,0.52115,0.066039,-0.41178,-0.026631,0.9085,0.15803,-0.98538,-0.063727,49.403,47.592,111.72,-639.25,0.062935,0.14204,-0.63795,-0.014707,0.1693,-0.62838,0.00084021,0.16979,-0.66647,0.06807,0.1453,-0.71028
6027,0.63207,-0.0036255,-0.77491,-0.10574,0.99023,-0.090884,0.76767,0.13938,0.62551,8.267,-50.796,0.32864,0.063887,-0.42798,-0.028332,0.90108,0.14732,-0.98693,-0.065334,51.398,49.1,111.38,-639.43,0.064487,0.1417,-0.6385,-0.012785,0.16892,-0.62607,0.0013763,0.16962,-0.66468,0.067048,0.14512,-0.71104
6029,0.61514,-0.0013954,-0.78841,-0.10767,0.99048,-0.08576,0.78103,0.13764,0.60914,8.0139,-52.037,0.12997,0.062299,-0.43766,-0.029636,0.89649,0.14061,-0.9878,-0.066888,52.6,50.148,111.1,-639.66,0.06554,0.14142,-0.63885,-0.011409,0.1685,-0.6247,0.0019463,0.16946,-0.66354,0.06656,0.14488,-0.71147
6031,0.59903,-0.0021896,-0.80072,-0.10526,0.9911,-0.081458,0.79377,0.13308,0.59347,7.8153,-53.199,0.20943,0.060119,-0.44682,-0.028883,0.89213,0.13307,-0.98904,-0.063933,53.715,51.197,110.73,-639.82,0.066732,0.14098,-0.63931,-0.0098918,0.16842,-0.62352,0.0026747,0.16935,-0.66267,0.066261,0.14468,-0.7119
6033,0.58403,-0.0029943,-0.81173,-0.10739,0.99092,-0.080924,0.8046,0.13444,0.5784,7.9645,-54.265,0.29375,0.060639,-0.45511,-0.029396,0.88788,0.1318,-0.98921,-0.063894,54.783,52.305,110.67,-640.08,0.067825,0.14093,-0.63985,-0.0084004,0.16826,-0.6227,0.0034411,0.16921,-0.66204,0.066071,0.14443,-0.71253
6035,0.57123,-0.00015819,-0.82079,-0.1045,0.99185,-0.072915,0.81411,0.12742,0.56655,7.3337,-55.164,0.015867,0.056622,-0.46208,-0.02949,0.88454,0.12138,-0.99059,-0.063219,55.611,53.188,110.29,-640.65,0.06884,0.14048,-0.64055,-0.0070234,0.16809,-0.62204,0.0041466,0.16915,-0.66154,0.065871,0.1446,-0.71301
6038,0.5538,-0.0023638,-0.83265,-0.10613,0.99164,-0.073405,0.82586,0.12902,0.54892,7.6168,-56.372,0.24456,0.057538,-0.47141,-0.029496,0.87954,0.12092,-0.99072,-0.061988,56.826,54.32,110.4,-640.87,0.069966,0.14059,-0.64119,-0.0054374,0.16823,-0.62116,0.0049496,0.16915,-0.66088,0.065526,0.14449,-0.71365
6041,0.54311,0.0029898,-0.83966,-0.10726,0.99205,-0.065846,0.83278,0.12582,0.53911,6.9635,-57.104,-0.3154,0.054658,-0.47692,-0.03144,0.87668,0.11362,-0.99137,-0.065353,57.511,54.889,110.07,-641.45,0.070523,0.14027,-0.64163,-0.0045768,0.16764,-0.62051,0.0051974,0.16904,-0.66029,0.064937,0.14453,-0.71394
6068,0.64861,0.0076214,-0.76108,-0.10388,0.99148,-0.078601,0.754,0.13004,0.64388,6.9599,-49.56,-0.67321,0.057567,-0.41803,-0.030765,0.90609,0.13606,-0.98803,-0.072714,50.06,48.266,111.03,-636.22,0.063613,0.14133,-0.63441,-0.013867,0.1683,-0.6233,0.0010875,0.1697,-0.66146,0.067575,0.14575,-0.70674
6070,0.66789,0.0067343,-0.74423,-0.10174,0.9914,-0.082334,0.73727,0.13071,0.66283,7.0807,-48.093,-0.57769,0.058442,-0.40641,-0.029757,0.91134,0.14197,-0.98723,-0.072284,48.619,47.111,111.24,-634.73,0.062422,0.14153,-0.63265,-0.015326,0.16858,-0.62352,0.00066158,0.16981,-0.66133,0.068405,0.14592,-0.70494
6071,0.68018,0.011502,-0.73296,-0.10184,0.99166,-0.07894,0.72594,0.12833,0.67568,6.6637,-47.135,-0.9688,0.056644,-0.39869,-0.030973,0.91481,0.14025,-0.98714,-0.076688,47.642,46.574,111.14,-634.41,0.061775,0.14145,-0.63175,-0.016149,0.16823,-0.62383,0.00039294,0.1699,-0.66129,0.068848,0.14606,-0.7039
6073,0.70182,0.013521,-0.71222,-0.10136,0.99154,-0.081054,0.7051,0.12908,0.69726,6.6307,-45.416,-1.1037,0.057058,-0.38486,-0.031194,0.92068,0.14619,-0.98602,-0.079921,45.948,45.215,111.34,-632.94,0.060294,0.14167,-0.62992,-0.017847,0.16836,-0.62429,-0.00016486,0.16994,-0.66128,0.069605,0.14646,-0.70177
6074,0.71446,0.016795,-0.69948,-0.1004,0.99183,-0.078736,0.69244,0.12648,0.7103,6.3254,-44.385,-1.3466,0.055512,-0.37652,-0.031702,0.9242,0.14536,-0.98589,-0.083009,44.904,44.559,111.34,-632.35,0.059557,0.14167,-0.62889,-0.018717,0.16829,-0.62457,-0.00040334,0.17009,-0.6612,0.070028,0.14677,-0.70059
6075,0.72689,0.018631,-0.6865,-0.098508,0.99212,-0.077378,0.67965,0.12387,0.723,6.1088,-43.354,-1.4682,0.054237,-0.36818,-0.031569,0.92763,0.14522,-0.98578,-0.084524,43.862,43.851,111.31,-631.75,0.058785,0.14161,-0.62787,-0.019563,0.16823,-0.62489,-0.00059486,0.17021,-0.66114,0.070541,0.14686,-0.69933
6076,0.73924,0.016547,-0.67324,-0.096111,0.99206,-0.081151,0.66655,0.1247,0.73496,6.3008,-42.318,-1.2823,0.055282,-0.35981,-0.030255,0.93089,0.15134,-0.98501,-0.082826,42.851,43.028,111.49,-630.71,0.057943,0.14179,-0.62671,-0.020401,0.16854,-0.62518,-0.00076731,0.17031,-0.66112,0.071131,0.14695,-0.698
6077,0.75373,0.020649,-0.65686,-0.09633,0.99218,-0.079347,0.65008,0.12308,0.74983,6.0406,-41.061,-1.5693,0.054134,-0.34951,-0.031283,0.93485,0.15247,-0.98437,-0.088108,41.594,42.348,111.44,-630.25,0.057066,0.14176,-0.62565,-0.021352,0.16824,-0.62576,-0.00093552,0.17038,-0.6612,0.071719,0.14706,-0.6966
6078,0.76818,0.021106,-0.63989,-0.093059,0.99252,-0.078978,0.63344,0.12022,0.7644,5.8989,-39.784,-1.5739,0.053047,-0.3391,-0.030403,0.93876,0.15395,-0.98413,-0.088236,40.311,41.413,111.41,-629.4,0.056116,0.14169,-0.62454,-0.02224,0.1684,-0.62631,-0.0010617,0.17042,-0.66133,0.072345,0.14732,-0.69511
6079,0.78281,0.021064,-0.62191,-0.091167,0.99252,-0.081137,0.61555,0.12021,0.77887,5.9472,-38.456,-1.5413,0.053401,-0.32819,-0.029765,0.94263,0.15996,-0.98309,-0.089161,39.004,40.51,111.48,-628.62,0.055097,0.14176,-0.62343,-0.023148,0.16845,-0.62698,-0.0011823,0.17049,-0.66156,0.072965,0.14738,-0.69358
6080,0.79699,0.022007,-0.60359,-0.089979,0.99251,-0.082621,0.59726,0.12016,0.793,5.9481,-37.128,-1.5817,0.053568,-0.31722,-0.029583,0.94637,0.16581,-0.9819,-0.091567,37.698,39.716,111.53,-628.09,0.054107,0.14182,-0.6224,-0.024102,0.16838,-0.62779,-0.0013066,0.17061,-0.66177,0.073593,0.14734,-0.69217
6081,0.81049,0.019391,-0.58543,-0.086657,0.99242,-0.087098,0.57931,0.12132,0.80603,6.1673,-35.834,-1.3706,0.054856,-0.30656,-0.027912,0.94986,0.17544,-0.98043,-0.089267,36.441,38.674,111.66,-627.1,0.053027,0.14195,-0.6213,-0.024962,0.16868,-0.62849,-0.0014095,0.17063,-0.662,0.07421,0.14739,-0.69063
6082,0.82448,0.022939,-0.56543,-0.084919,0.99288,-0.083545,0.55949,0.1169,0.82056,5.8135,-34.432,-1.5937,0.052545,-0.29489,-0.028274,0.95367,0.17464,-0.98014,-0.093976,35.02,37.825,111.56,-626.67,0.052017,0.14181,-0.62034,-0.025785,0.16856,-0.62928,-0.0014531,0.17072,-0.66217,0.074761,0.14768,-0.68905
6083,0.83753,0.023667,-0.54588,-0.08239,0.99311,-0.083352,0.54014,0.11478,0.83371,5.7093,-33.085,-1.6187,0.051753,-0.28367,-0.027702,0.95712,0.17866,-0.97925,-0.095631,33.677,36.991,111.52,-626.11,0.05103,0.14175,-0.61934,-0.026536,0.16855,-0.63008,-0.0014488,0.17081,-0.66235,0.075305,0.14773,-0.68751
6084,0.849,0.022435,-0.52792,-0.07971,0.9931,-0.085985,0.52235,0.11508,0.84493,5.8108,-31.865,-1.5137,0.052357,-0.27349,-0.026598,0.96008,0.18718,-0.97771,-0.095088,32.487,36.092,111.66,-625.39,0.050037,0.14188,-0.61841,-0.0272,0.16875,-0.63079,-0.0014683,0.17091,-0.66255,0.075824,0.14783,-0.68603
6085,0.85898,0.02125,-0.51157,-0.076167,0.99332,-0.086633,0.50631,0.11338,0.85487,5.7867,-30.768,-1.4171,0.051941,-0.26433,-0.025298,0.9627,0.19197,-0.97694,-0.093499,31.396,35.301,111.61,-624.99,0.04914,0.14179,-0.61766,-0.02788,0.16882,-0.63154,-0.0015049,0.171,-0.66275,0.076261,0.14767,-0.6848
6086,0.86903,0.02254,-0.49425,-0.075634,0.99327,-0.087689,0.48895,0.11359,0.86489,5.7893,-29.62,-1.4857,0.052128,-0.25464,-0.025426,0.9653,0.1996,-0.97503,-0.097358,30.277,34.603,111.6,-624.67,0.04819,0.1418,-0.61693,-0.028538,0.16863,-0.63234,-0.0015346,0.17103,-0.66299,0.076613,0.14759,-0.68355
6087,0.87778,0.019315,-0.47867,-0.071446,0.99329,-0.090938,0.4737,0.11402,0.87327,5.945,-28.598,-1.2605,0.052961,-0.24609,-0.023452,0.96752,0.20949,-0.9734,-0.092766,29.288,33.726,111.63,-624.13,0.047287,0.14181,-0.61626,-0.029107,0.16887,-0.6331,-0.0015335,0.17103,-0.66325,0.07697,0.14748,-0.68244
6088,0.88661,0.019314,-0.46212,-0.068541,0.99358,-0.089974,0.45742,0.11145,0.88224,5.8231,-27.524,-1.2479,0.051921,-0.23703,-0.022647,0.96985,0.21305,-0.97261,-0.092926,28.211,32.953,111.53,-623.8,0.046468,0.14168,-0.61574,-0.029581,0.16896,-0.63391,-0.0014839,0.17102,-0.66362,0.07729,0.14762,-0.68122
6089,0.89454,0.01653,-0.44668,-0.065285,0.99343,-0.093979,0.44219,0.11323,0.88974,6.0295,-26.531,-1.0587,0.053305,-0.22866,-0.021047,0.97182,0.22612,-0.97,-0.089283,27.27,32.206,111.7,-623.44,0.045582,0.14184,-0.61515,-0.030048,0.16912,-0.63471,-0.0014296,0.17117,-0.66394,0.077609,0.14743,-0.68012
6090,0.90228,0.016559,-0.43084,-0.062702,0.99368,-0.09312,0.42657,0.11103,0.89761,5.9228,-25.521,-1.0514,0.052409,-0.22011,-0.020347,0.97385,0.2307,-0.96889,-0.089566,26.262,31.543,111.55,-623.32,0.044781,0.14167,-0.6147,-0.030513,0.16906,-0.63558,-0.0013871,0.17118,-0.66425,0.077908,0.14733,-0.67909
6092,0.91571,0.015941,-0.40152,-0.059648,0.99354,-0.096589,0.39739,0.1124,0.91074,6.0539,-23.673,-0.99729,0.053463,-0.20438,-0.019337,0.97724,0.25202,-0.96342,-0.091153,24.496,30.355,111.59,-622.88,0.043262,0.14172,-0.61381,-0.031298,0.16901,-0.63716,-0.0012705,0.17118,-0.66484,0.07841,0.1472,-0.67714
6094,0.92673,0.012241,-0.37554,-0.053899,0.99346,-0.10062,0.37185,0.11349,0.92133,6.233,-22.058,-0.75677,0.054622,-0.19066,-0.016873,0.97999,0.27442,-0.95787,-0.084766,22.963,29.143,111.6,-622.51,0.041885,0.14172,-0.61316,-0.031888,0.16918,-0.63868,-0.0011157,0.17118,-0.66548,0.078848,0.14693,-0.67542
6096,0.93558,0.0081541,-0.35302,-0.048293,0.99329,-0.10504,0.3498,0.11532,0.9297,6.4462,-20.672,-0.49936,0.056091,-0.1789,-0.014368,0.98216,0.2983,-0.95141,-0.076411,21.676,27.913,111.71,-622.14,0.040543,0.14182,-0.61261,-0.032501,0.16944,-0.63997,-0.0010638,0.17122,-0.66606,0.079107,0.14674,-0.67401
6098,0.94377,0.0056874,-0.33055,-0.042882,0.99351,-0.10534,0.3278,0.11359,0.93789,6.4086,-19.302,-0.34527,0.055609,-0.16722,-0.012336,0.98427,0.3148,-0.94659,-0.069835,20.35,26.95,111.67,-622.1,0.039384,0.14173,-0.61217,-0.032979,0.16957,-0.64132,-0.00091653,0.17136,-0.6666,0.07938,0.14649,-0.67261
6100,0.95143,0.0059547,-0.30782,-0.041162,0.9933,-0.10801,0.30512,0.11543,0.94529,6.5184,-17.928,-0.3586,0.056645,-0.15539,-0.011945,0.98616,0.34161,-0.93708,-0.072034,19.09,26.081,111.73,-621.95,0.038178,0.14182,-0.6117,-0.033462,0.16947,-0.64261,-0.00079225,0.17138,-0.6671,0.079566,0.14641,-0.67119
6102,0.95769,0.0038276,-0.28777,-0.037689,0.99297,-0.11222,0.28532,0.11832,0.9511,6.7293,-16.724,-0.22899,0.058357,-0.14506,-0.010509,0.98764,0.37237,-0.92566,-0.067059,18.033,25.072,111.78,-621.69,0.036996,0.14189,-0.6113,-0.033952,0.16952,-0.64381,-0.00076456,0.17129,-0.6676,0.079642,0.14626,-0.66999
6104,0.96399,0.0028949,-0.26591,-0.034003,0.99307,-0.11246,0.26375,0.11745,0.95741,6.6992,-15.421,-0.17206,0.058101,-0.13385,-0.0093247,0.98925,0.39736,-0.91544,-0.063773,16.816,23.992,111.78,-621.54,0.035779,0.14187,-0.61094,-0.034383,0.16967,-0.64504,-0.00070832,0.1713,-0.66809,0.079717,0.14632,-0.66854
6106,0.96982,0.00096529,-0.2438,-0.030176,0.99278,-0.11611,0.24193,0.11996,0.96285,6.876,-14.111,-0.057028,0.059575,-0.12258,-0.0078589,0.99064,0.43639,-0.89791,-0.057568,15.693,22.874,111.91,-621.24,0.034449,0.14201,-0.61046,-0.034851,0.16978,-0.64622,-0.00066048,0.17131,-0.66849,0.079709,0.14625,-0.66709
6108,0.97521,0.00062873,-0.22128,-0.026894,0.99292,-0.11571,0.21964,0.11879,0.96832,6.8141,-12.784,-0.036939,0.059095,-0.11111,-0.006936,0.99202,0.46885,-0.88156,-0.055029,14.482,21.651,111.95,-621.03,0.032982,0.14204,-0.60994,-0.035462,0.16988,-0.64726,-0.00075156,0.17144,-0.66876,0.079599,0.14625,-0.66544
6110,0.97962,0.0027728,-0.20084,-0.026407,0.993,-0.1151,0.19911,0.11805,0.97284,6.7473,-11.586,-0.16217,0.058689,-0.10068,-0.0073452,0.99316,0.50263,-0.86221,-0.062906,13.411,20.581,112.0,-620.83,0.031613,0.14209,-0.60946,-0.03614,0.16987,-0.64822,-0.0009742,0.17151,-0.66895,0.079309,0.14649,-0.66403
6112,0.98367,0.0042611,-0.17991,-0.025607,0.99286,-0.11649,0.17813,0.1192,0.97676,6.8011,-10.365,-0.24819,0.059268,-0.090038,-0.0075109,0.99414,0.5485,-0.83326,-0.06951,12.406,19.465,112.09,-620.54,0.030196,0.14221,-0.60896,-0.0367,0.16981,-0.64914,-0.0011464,0.17152,-0.66913,0.079054,0.14664,-0.66252
6114,0.98705,0.0037582,-0.16036,-0.022701,0.99294,-0.11646,0.15879,0.11859,0.98016,6.7759,-9.2276,-0.21816,0.059058,-0.080186,-0.0066479,0.99501,0.59171,-0.80339,-0.066607,11.456,18.315,112.07,-620.18,0.02893,0.14218,-0.60846,-0.037147,0.16993,-0.64993,-0.0012259,0.17149,-0.66928,0.07881,0.14676,-0.66101
6116,0.9901,0.0044317,-0.14028,-0.02116,0.99279,-0.11798,0.13875,0.11978,0.98306,6.8436,-8.0641,-0.25645,0.059695,-0.070056,-0.0064252,0.99573,0.64701,-0.7593,-0.06964,10.588,17.321,112.07,-619.98,0.027639,0.1422,-0.60805,-0.037577,0.1698,-0.65087,-0.0012597,0.17141,-0.66945,0.078623,0.14672,-0.65966
6118,0.99257,0.0040722,-0.1216,-0.018621,0.99275,-0.11875,0.12024,0.12013,0.98545,6.8709,-6.9845,-0.23506,0.059938,-0.060682,-0.005694,0.99634,0.70117,-0.70987,-0.066611,9.8075,16.309,112.13,-619.74,0.026481,0.14227,-0.60769,-0.03794,0.16995,-0.65175,-0.0012499,0.1714,-0.66963,0.0784,0.14682,-0.6582
6120,0.99481,0.0057246,-0.10159,-0.017758,0.99286,-0.11795,0.10019,0.11914,0.98781,6.8089,-5.8308,-0.32971,0.059453,-0.050601,-0.0058888,0.99693,0.75937,-0.6463,-0.075215,8.9809,15.407,112.02,-619.68,0.025242,0.14216,-0.60736,-0.038288,0.16973,-0.65264,-0.0012516,0.17135,-0.66978,0.078188,0.14681,-0.65689
6123,0.99718,0.0082756,-0.074613,-0.017149,0.99274,-0.11908,0.073086,0.12003,0.99008,6.8584,-4.279,-0.47549,0.059928,-0.037017,-0.0063721,0.9975,0.84732,-0.52339,-0.090095,8.1114,14.07,112.02,-619.46,0.023512,0.14219,-0.60692,-0.038834,0.16959,-0.65392,-0.0013588,0.17126,-0.67007,0.077742,0.14698,-0.65498
6126,0.9987,0.0056186,-0.0506,-0.011794,0.99239,-0.12259,0.049526,0.12303,0.99117,7.0508,-2.9004,-0.32233,0.061542,-0.025087,-0.0043629,0.99778,0.92403,-0.37667,-0.065507,7.6377,12.697,112.08,-619.32,0.021886,0.14227,-0.60664,-0.039254,0.16965,-0.65523,-0.0014005,0.17121,-0.67045,0.0773,0.14674,-0.65343
6128,0.99943,0.0076355,-0.032879,-0.011564,0.99258,-0.12102,0.031711,0.12133,0.99211,6.9546,-1.8841,-0.43772,0.060707,-0.016179,-0.0048095,0.99801,0.96345,-0.25678,-0.076329,7.2252,12.016,112.04,-619.55,0.020847,0.14222,-0.6066,-0.039459,0.16952,-0.65623,-0.0013657,0.17128,-0.67075,0.077081,0.1468,-0.65243
6130,0.99991,0.010232,-0.0080954,-0.011151,0.99234,-0.12307,0.006774,0.12315,0.99236,7.0696,-0.46384,-0.58631,0.061674,-0.0037245,-0.0053563,0.99807,0.99445,-0.060055,-0.086365,7.1114,11.147,112.25,-619.89,0.019424,0.14248,-0.60668,-0.039713,0.16942,-0.65788,-0.0012645,0.17148,-0.67143,0.076724,0.14696,-0.65119
6132,0.9999,0.0098624,0.01032,-0.0085202,0.99239,-0.12286,-0.011453,0.12276,0.99237,7.0577,0.59132,-0.56511,0.061524,0.0054539,-0.0046045,0.99808,0.99334,0.088056,-0.074342,7.102,10.34,112.28,-620.2,0.018435,0.1425,-0.60686,-0.039736,0.16952,-0.65912,-0.001059,0.17149,-0.67195,0.076552,0.14702,-0.65024
6134,0.99956,0.008118,0.028379,-0.0044492,0.99189,-0.12702,-0.02918,0.12684,0.99149,7.3007,1.6262,-0.46532,0.063603,0.014421,-0.0031485,0.99787,0.97411,0.22086,-0.048222,7.4873,9.6436,112.49,-620.39,0.017444,0.14275,-0.60696,-0.039704,0.16957,-0.66038,-0.00078148,0.17155,-0.67245,0.076402,0.14684,-0.64935
6136,0.99887,0.0063478,0.04701,-0.00026786,0.99175,-0.12822,-0.047436,0.12807,0.99063,7.3752,2.6945,-0.36411,0.064223,0.023667,-0.0016578,0.99765,0.93804,0.34568,-0.024214,7.8517,8.7202,112.61,-620.53,0.016463,0.14287,-0.60707,-0.039645,0.16984,-0.66157,-0.00050234,0.17154,-0.67294,0.07621,0.14698,-0.64831
6140,0.99601,0.0043826,0.089108,0.0077923,0.9907,-0.13582,-0.088875,0.13598,0.98672,7.8377,5.1123,-0.25211,0.068177,0.044644,0.00085526,0.99667,0.83655,0.5478,0.010494,9.3494,6.8792,112.79,-620.87,0.014288,0.14314,-0.60742,-0.039418,0.16992,-0.66441,0.0002186,0.17125,-0.67423,0.075752,0.14697,-0.64609
6142,0.99372,0.0048011,0.11182,0.010309,0.99091,-0.13416,-0.11145,0.13447,0.98463,7.7589,6.4204,-0.27682,0.067416,0.056034,0.0013823,0.99615,0.76895,0.63912,0.015767,10.06,5.9623,112.76,-621.35,0.013089,0.14308,-0.60771,-0.039301,0.16995,-0.66586,0.00051215,0.17126,-0.67479,0.07539,0.14707,-0.64498
6144,0.99129,0.0051225,0.13162,0.013227,0.99032,-0.13816,-0.13105,0.1387,0.98163,8.0117,7.563,-0.29607,0.069536,0.065971,0.0020355,0.99539,0.7253,0.68811,0.021231,11.003,5.1423,112.96,-621.61,0.011973,0.14335,-0.60795,-0.039246,0.16996,-0.66726,0.00074365,0.17125,-0.67537,0.074996,0.14714,-0.644
6146,0.98848,0.0034569,0.15133,0.017587,0.99035,-0.1375,-0.15035,0.13858,0.97887,7.9958,8.7041,-0.20037,0.069387,0.075822,0.0035514,0.9947,0.67471,0.73728,0.034533,11.805,4.2438,112.86,-622.07,0.010832,0.14323,-0.60825,-0.039163,0.16994,-0.66858,0.0009727,0.1712,-0.6759,0.07459,0.1469,-0.64303
6148,0.98544,0.0019927,0.17,0.022267,0.98981,-0.14068,-0.16855,0.14241,0.97535,8.2072,9.788,-0.11586,0.071213,0.085166,0.0051002,0.99381,0.64079,0.76634,0.045893,12.761,3.5096,113.11,-622.32,0.0097585,0.14351,-0.60843,-0.039028,0.17002,-0.66983,0.0012385,0.17134,-0.67633,0.074204,0.14678,-0.64207
6150,0.98206,0.0019111,0.18857,0.02527,0.9896,-0.14164,-0.18688,0.14386,0.97179,8.2923,10.869,-0.1115,0.071884,0.094531,0.0058815,0.99291,0.60456,0.79503,0.049464,13.658,2.827,113.15,-622.68,0.008724,0.14358,-0.60868,-0.038888,0.16995,-0.67105,0.0015014,0.17136,-0.67674,0.073803,0.14665,-0.64111
6152,0.97829,0.0013261,0.20725,0.029166,0.98915,-0.144,-0.20519,0.14692,0.96763,8.4646,11.961,-0.077667,0.073328,0.10396,0.0070172,0.99185,0.57553,0.81593,0.055075,14.64,1.9346,113.23,-622.92,0.0076257,0.14369,-0.60891,-0.038741,0.16994,-0.67222,0.0017488,0.17126,-0.67717,0.07336,0.14661,-0.64009
6154,0.97443,0.002406,0.22466,0.030441,0.98931,-0.14263,-0.2226,0.14582,0.96394,8.4168,12.983,-0.14147,0.072775,0.11284,0.0070731,0.99092,0.54125,0.83922,0.052604,15.455,1.0589,113.22,-623.26,0.0066238,0.14367,-0.60918,-0.038658,0.17003,-0.67327,0.001923,0.17121,-0.67754,0.07282,0.14688,-0.6391
6156,0.97024,0.0018539,0.24212,0.034367,0.98879,-0.14529,-0.23968,0.14929,0.95931,8.6121,14.012,-0.10948,0.074407,0.1217,0.0082125,0.98974,0.52078,0.85176,0.057479,16.429,0.065781,113.28,-623.51,0.0054525,0.14378,-0.60944,-0.038629,0.16999,-0.67439,0.0020318,0.17106,-0.67792,0.072242,0.14684,-0.6382
6159,0.96388,-5.1787e-06,0.26632,0.040918,0.98813,-0.14807,-0.26316,0.15362,0.95244,8.8368,15.446,0.00030784,0.07634,0.13398,0.010355,0.98798,0.49395,0.86691,0.067002,17.782,-1.3688,113.45,-623.99,0.0036846,0.14398,-0.60988,-0.038694,0.17005,-0.67606,0.0020484,0.17105,-0.67852,0.071181,0.14664,-0.63691
6161,0.95808,0.0021964,0.28651,0.041482,0.98837,-0.14629,-0.2835,0.15204,0.94684,8.7829,16.649,-0.13135,0.075598,0.14444,0.009955,0.98657,0.46285,0.88434,0.060949,18.801,-2.549,113.35,-624.46,0.0023067,0.14387,-0.61028,-0.038741,0.17001,-0.67728,0.0020329,0.17093,-0.67901,0.070328,0.14696,-0.63591
6163,0.95223,0.0032661,0.30537,0.043909,0.98809,-0.14749,-0.30222,0.15385,0.94074,8.91,17.781,-0.19652,0.076479,0.15421,0.010315,0.98502,0.44351,0.89427,0.059819,19.859,-3.5234,113.41,-624.88,0.00096393,0.14397,-0.61065,-0.038768,0.16991,-0.67852,0.0020347,0.17093,-0.67942,0.069461,0.14695,-0.63494
6165,0.94636,0.0013858,0.32311,0.049639,0.9875,-0.14962,-0.31927,0.15764,0.93446,9.0969,18.851,-0.083901,0.078112,0.16331,0.012267,0.9834,0.43051,0.90005,0.067608,20.907,-4.5558,113.53,-625.21,-0.00035983,0.14412,-0.61096,-0.038744,0.1699,-0.6797,0.0020651,0.17092,-0.67976,0.068644,0.1467,-0.63404
6167,0.94006,0.0031788,0.34101,0.050607,0.98758,-0.14871,-0.33725,0.15706,0.92822,9.1022,19.938,-0.19375,0.077858,0.1727,0.012077,0.98182,0.41015,0.90979,0.063619,21.885,-5.5523,113.48,-625.65,-0.0015484,0.14408,-0.61136,-0.038661,0.16986,-0.68076,0.002133,0.17081,-0.68011,0.067828,0.14693,-0.63307
6169,0.93397,0.0045774,0.35731,0.052566,0.98728,-0.15005,-0.35345,0.15893,0.92185,9.245,20.935,-0.2808,0.078805,0.18128,0.01224,0.98019,0.39791,0.91534,0.061801,22.846,-6.4038,113.5,-626.0,-0.0026185,0.14413,-0.61171,-0.038545,0.16977,-0.6818,0.0022576,0.17068,-0.68044,0.067145,0.14704,-0.6322
6172,0.92604,0.0032564,0.37742,0.059572,0.98617,-0.15467,-0.3727,0.16572,0.91303,9.615,22.174,-0.20148,0.081907,0.19177,0.014397,0.97791,0.39186,0.91744,0.068877,24.13,-7.415,113.65,-626.51,-0.0039075,0.14436,-0.61231,-0.038195,0.16965,-0.68331,0.002538,0.1705,-0.681,0.06629,0.14679,-0.63129
6175,0.91713,0.0027933,0.39857,0.063427,0.98621,-0.15286,-0.3935,0.16547,0.90431,9.5944,23.489,-0.1745,0.081569,0.20296,0.015537,0.97566,0.37198,0.92553,0.070851,25.334,-8.4998,113.56,-627.15,-0.0052317,0.14425,-0.61287,-0.037888,0.16965,-0.68467,0.0027826,0.1704,-0.68147,0.065376,0.14676,-0.63027
6178,0.90716,0.0084349,0.4207,0.062378,0.98606,-0.15428,-0.41613,0.1662,0.89399,9.7913,24.879,-0.53272,0.082339,0.215,0.01386,0.97304,0.35699,0.93217,0.06009,26.67,-9.42,113.63,-627.66,-0.0066416,0.14438,-0.6134,-0.03766,0.1694,-0.68602,0.0029253,0.17038,-0.68189,0.064345,0.14719,-0.62909
6181,0.89612,0.0056807,0.44378,0.069124,0.98593,-0.1522,-0.4384,0.16707,0.88312,9.7788,26.345,-0.36321,0.08227,0.22732,0.016348,0.9702,0.33954,0.93817,0.067471,28.044,-10.75,113.74,-628.23,-0.0083179,0.14448,-0.61389,-0.037405,0.16959,-0.68732,0.0030609,0.17051,-0.68208,0.063033,0.14701,-0.62773
6183,0.88658,0.0080401,0.46251,0.069641,0.98613,-0.15064,-0.45731,0.16576,0.87372,9.782,27.549,-0.51959,0.081732,0.23761,0.015913,0.96779,0.32462,0.94373,0.063202,29.165,-11.668,113.74,-628.51,-0.0096068,0.14449,-0.61411,-0.037214,0.16953,-0.68811,0.0031532,0.17056,-0.68207,0.06204,0.14725,-0.62651
6185,0.87806,0.0053778,0.47852,0.075333,0.98592,-0.14931,-0.47259,0.16715,0.86529,9.7904,28.589,-0.35091,0.081938,0.24626,0.018113,0.96556,0.31495,0.94655,0.06962,30.159,-12.772,113.84,-628.79,-0.010854,0.14457,-0.61436,-0.037029,0.16972,-0.68885,0.0031882,0.17058,-0.68205,0.060991,0.14711,-0.62536
6187,0.86737,0.0074654,0.49761,0.076741,0.98592,-0.14856,-0.49171,0.16704,0.85459,9.8615,29.842,-0.49313,0.081949,0.25689,0.017988,0.96279,0.30324,0.95059,0.066564,31.357,-13.889,113.83,-629.04,-0.012347,0.14459,-0.6146,-0.036941,0.1696,-0.68964,0.0031518,0.17056,-0.68199,0.059773,0.14728,-0.62412
6190,0.85308,0.0057613,0.52175,0.0814,0.98623,-0.14398,-0.51539,0.1653,0.84086,9.7167,31.449,-0.38694,0.08061,0.27032,0.019714,0.95919,0.28508,0.95597,0.069719,32.851,-15.583,113.68,-629.42,-0.014352,0.14439,-0.61488,-0.036825,0.16966,-0.69054,0.0030343,0.17048,-0.68177,0.057997,0.14714,-0.62233
6192,0.84322,0.0069116,0.53752,0.082846,0.9863,-0.14264,-0.53114,0.16481,0.8311,9.739,32.515,-0.46962,0.080348,0.27928,0.019844,0.95664,0.27585,0.95878,0.068127,33.869,-16.52,113.67,-629.62,-0.015559,0.14439,-0.61506,-0.03665,0.16965,-0.69112,0.0030256,0.17047,-0.68162,0.056875,0.14727,-0.62116
6194,0.83332,0.0047118,0.55277,0.087319,0.98629,-0.14004,-0.54585,0.16497,0.82148,9.6746,33.557,-0.32396,0.079923,0.28787,0.021646,0.95408,0.26682,0.96103,0.072262,34.861,-17.432,113.53,-629.93,-0.016751,0.14424,-0.61533,-0.036405,0.16956,-0.69173,0.0030974,0.17037,-0.68148,0.055861,0.1469,-0.62012
6196,0.82335,0.0052458,0.5675,0.089139,0.98635,-0.13844,-0.56048,0.16457,0.81165,9.6798,34.576,-0.36504,0.079617,0.29637,0.022043,0.95149,0.25877,0.96328,0.071643,35.838,-18.195,113.5,-630.16,-0.017774,0.1442,-0.61554,-0.036087,0.16955,-0.69234,0.0032177,0.17035,-0.68136,0.054837,0.14696,-0.6191
6199,0.80928,0.0045584,0.5874,0.095488,0.98565,-0.13921,-0.57961,0.16875,0.79723,9.9046,35.973,-0.32272,0.081241,0.30787,0.023988,0.94765,0.25443,0.96417,0.075125,37.243,-19.172,113.56,-630.53,-0.019031,0.14431,-0.61599,-0.035364,0.16945,-0.69325,0.0036006,0.17019,-0.68133,0.0537,0.14681,-0.61775
6202,0.79526,0.0015577,0.60627,0.10159,0.98552,-0.13579,-0.5977,0.16958,0.78358,9.8314,37.32,-0.11223,0.080873,0.31886,0.026492,0.94397,0.24506,0.96618,0.080275,38.54,-20.059,113.53,-631.14,-0.020136,0.14426,-0.61657,-0.034584,0.16955,-0.69417,0.0041153,0.17013,-0.68134,0.052602,0.1466,-0.61665
6205,0.78311,0.0044542,0.62187,0.10334,0.98514,-0.13719,-0.61324,0.1717,0.77101,10.089,38.453,-0.32589,0.082093,0.32826,0.026281,0.94065,0.24189,0.96721,0.077435,39.679,-20.685,113.62,-631.47,-0.021018,0.1444,-0.61701,-0.033975,0.16945,-0.69498,0.0045038,0.17003,-0.68136,0.05166,0.14685,-0.61557
6208,0.77167,-0.0012597,0.63603,0.11047,0.98506,-0.13208,-0.62636,0.17218,0.76028,9.8551,39.496,0.093534,0.081119,0.33657,0.029788,0.93768,0.23344,0.96858,0.085725,40.667,-21.586,113.49,-631.9,-0.021986,0.14422,-0.61733,-0.033386,0.16961,-0.69539,0.0048112,0.16992,-0.68116,0.05077,0.14641,-0.61463
6212,0.75703,-0.0010109,0.65338,0.11375,0.98493,-0.13027,-0.64341,0.17294,0.74573,9.9091,40.797,0.076514,0.081181,0.34719,0.030726,0.93377,0.22684,0.97014,0.085856,41.94,-22.333,113.52,-631.59,-0.023081,0.14427,-0.61707,-0.032702,0.16958,-0.69541,0.0051643,0.16991,-0.68027,0.049489,0.14638,-0.61266
6214,0.74404,-0.0055453,0.66811,0.12043,0.9847,-0.12595,-0.65719,0.17417,0.73332,9.7455,41.921,0.42701,0.080649,0.35614,0.033853,0.93033,0.21992,0.97114,0.092314,43.027,-23.213,113.26,-631.31,-0.0242,0.14398,-0.61675,-0.03217,0.16946,-0.69527,0.0054039,0.16969,-0.67937,0.0483,0.14569,-0.61097
6216,0.73242,-0.0054055,0.68083,0.11965,0.98543,-0.1209,-0.67025,0.17001,0.7224,9.5007,42.908,0.42285,0.078421,0.36421,0.033712,0.92739,0.20963,0.97362,0.09012,43.935,-23.701,113.02,-631.28,-0.025037,0.1437,-0.61666,-0.031739,0.16938,-0.69523,0.0055767,0.16968,-0.67865,0.047365,0.14562,-0.60968
6219,0.71827,-0.0073154,0.69573,0.12788,0.9843,-0.12167,-0.68391,0.17636,0.70793,9.7521,44.085,0.58353,0.080691,0.37353,0.036603,0.92338,0.21019,0.973,0.095346,45.151,-24.783,113.01,-631.08,-0.026293,0.14374,-0.6166,-0.031217,0.16916,-0.69537,0.0056997,0.16935,-0.67799,0.045921,0.14517,-0.60806
6221,0.70616,-0.0047688,0.70804,0.124,0.98536,-0.11704,-0.69711,0.17044,0.69641,9.5398,45.075,0.38692,0.078093,0.3817,0.03498,0.92032,0.19964,0.97578,0.089423,46.055,-25.486,112.64,-631.33,-0.027314,0.14332,-0.61677,-0.031027,0.16899,-0.69554,0.0055945,0.16924,-0.67763,0.044768,0.14534,-0.60707
6224,0.69403,-0.0069937,0.71991,0.13184,0.98428,-0.11754,-0.70777,0.17649,0.68404,9.7498,46.047,0.57735,0.080174,0.3893,0.037856,0.91684,0.2008,0.97503,0.094815,47.064,-26.672,112.66,-631.25,-0.028679,0.1434,-0.61683,-0.030894,0.1688,-0.69574,0.0053777,0.169,-0.67713,0.043171,0.14485,-0.60584
6227,0.67803,-0.0045951,0.73502,0.12863,0.98529,-0.1125,-0.72369,0.17083,0.66865,9.5505,47.309,0.38829,0.077608,0.39956,0.036493,0.91269,0.18991,0.97773,0.089299,48.242,-27.678,112.39,-631.45,-0.030085,0.14308,-0.61699,-0.030732,0.16871,-0.69587,0.0051686,0.16896,-0.67648,0.041597,0.14508,-0.60451
6231,0.66091,-0.0056178,0.75044,0.13189,0.98528,-0.10878,-0.73878,0.17087,0.65193,9.4731,48.629,0.48701,0.076993,0.41001,0.037859,0.90804,0.1838,0.9788,0.090378,49.529,-28.98,112.18,-631.65,-0.031661,0.14286,-0.61721,-0.030462,0.16858,-0.69608,0.0049687,0.16875,-0.67589,0.039644,0.14482,-0.60303
